Predicted
58.3625
42.9425
56.975
59.11
56.325
43.3225
68.4475
52.94
31.3875
61.325
73.775
67.9225
46.2175
61.5575
76.9125
52.69
51.9125
62.885
90.12
34.26
57.67
62.2925
47.225
50.58
51.18
74.9525
68.9575
51.745
44.1325
73.72
64.56
77.2625
69.105
77.1725
47.44
58.4975
64.01
38.735
63.0775
21.8525
32.39
41.41
59.6225
54.1125
22.395
70.4425
56.9475
69.1775
46.4275
42.1725
61.25
62.92
52.2075
62.28
46.1725
36.72
36.13
49.3575
29.365
35.865
34.83
63.435
70.925
51.4875
33.0725
43.6975
57.975
55.635
46.3825
73.62
80.225
30.775
45.9675
68.73
72.39
34.6325
63.78
46.235
66.8575
59.8925
63.3125
63.7875
57.205
55.5325
47.285
60.955
60.59
58.445
58.2275
39.2575
54.2025
53.59
34.985
68.74
33.61
45.83
54.2425
51.8325
74.7975
58.8925
72.725
64.15
44.4675
49.06
58.4875
48.705
30.1125
51.525
50.845
68.89
43.4875
43.96
58.1875
57.4575
51.8675
56.4825
32.5025
47.96
75.6825
38.905
65.925
55.8375
49.2575
57.445
59.8025
70.695
51.805
58.5525
84.7575
65.0925
58.895
36.2175
48.435
52.4625
69.6125
54.455
58.3225
48.2275
59.4225
77.515
80.14
49.4725
53.5075
35.5975
64.8725
66.5525
37.3
44.3625
45.2875
71.0025
68.25
49.57
51.45
32.7675
53.62
55.005
50.4075
29.695
79.44
69.0325
60.59
53.0875
46.82
39.0625
49.915
55.6425
49.9475
46.4
50.2875
74.54
41.4825
37.155
77.9075
39.73
32.8375
53.31
29.3275
44.3125
57.7775
67.9725
33.5425
53.235
63.4875
70.8075
51.9875
51.545
59.66
55.23
41.54
78.8875
32.2225
62.2775
73.595
50.435
48.985
88.63
79.87
75.8525
59.3225
72.2475
53.8425
47.325
30.8425
60.79
57.1925
62.175
46.4875
51.275
50.89
77.1675
36.25
34.405
57.5775
52.295
35.8275
50.48
57.45
65.1375
50.15
41.1925
33.2825
54.5325
89.045
49.565
50.565
62.5975
72.5425
46.555
69.235
58.1175
54.795
50.21
50.9275
46.0675
40.2025
59.6775
65.2475
37.2225
61.1775
53.81
35.63
68.06
39.6725
53.3725
63.875
38.39
49.44
64.245
36.7525
63.115
37.9875
53.97
31.9
64.695
38.435
59.8075
43.67
48.6525
59.3775
77.525
68.2125
52.55
39.0225
44.3225
40.41
61.5075
59.2875
28.585
63.535
75.49
80.67
78.65
57.14
39.075
56.5375
74.02
40.58
40.565
40.8375
48.29
64.5
61.805
56.2225
42.0325
73.4225
35.5525
58.3
67.25
52.3125
59.385
77.46
34.69
46.2825
58.87
55.8975
43.5
60.1525
43.6725
41.48
48.9375
48.2075
81.5225
24.3875
86.195
42.9325
79.3725
66.445
32.9925
50.7175
79.605
44.775
83.415
43.6125
74.925
56.105
34.21
55.02
59.5875
17.9325
26.39
51.5875
68.8225
53.4175
70.35
55.855
54.34
37.485
71.78
51.96375
76.6725
52.9825
36.7775
82.4125
62.2975
55.6125
52.765
66.4425
43.3825
50.925
29.2875
65.6975
56.4125
49.4925
66.2475
31.3975
70.5875
55.9175
60.2525
60.245
63.51
45.6
43.8725
40.885
64.75
51.3475
49.185
63.0275
76.48
51.1125
51.325
53.0925
57.785
53.1975
38.33
53.3975
78.0325
70.6375
53.77
63.0575
53.9125
41.5875
85.09416666666667
52.98
66.555
51.2725
61.5625
62.53
63.1875
49.26
58.1675
66.9875
33.4
62.575
69.1925
69.875
47.6175
45.165
64.795
73.375
50.715
52.0075
66.3825
60.5575
36.6475
46.34
53.86
37.315
57.8275
53.2425
44.87
61.9525
36.9375
74.4375
65.34
22.8125
59.97
45.6625
68.0425
55.4425
60.2475
29.645
38.58
71.5325
53.84
32.2625
71.7225
45.5
82.6275
79.1
43.7325
38.0575
39.47
40.43
76.7675
45.3
73.305
66.5475
57.6425
58.065
63.3475
44.0525
76.07
62.08
56.565
58.7475
58.2225
54.9025
47.245
63.735
54.4125
42.79
45.3475
40.705
50.3925
60.21
58.5425
48.6675
58.8525
33.92
71.19
41.855
69.69
62.145
34.33
68.99
52.3775
53.23
75.18
65.34
48.3025
54.2075
51.0825
64.9825
68.4775
58.195
39.8575
72.1725
50.0
59.6375
46.5825
80.6325
43.3125
34.995
33.955
80.415
56.8975
69.143125
57.8125
64.9275
80.0925
36.915
49.24
41.205
53.365
39.9575
51.28
57.1675
58.185
68.1925
66.4375
56.5775
38.5125
60.2525
61.8575
23.1525
38.0075
66.4175
63.7625
35.4275
67.925
51.2325
56.125
65.8175
72.5375
76.2975
52.0875
51.845
59.7675
75.8225
39.2025
58.7875
64.8925
79.5175
45.69
63.4375
46.275
37.1
61.01
69.885
45.495
30.375
73.09
65.265
46.14
47.415
54.7475
47.93
36.3475
76.525
34.945
43.2075
45.0725
39.01
69.54
66.3575
36.5525
63.425
54.5875
41.88
66.6575
68.5175
46.66
50.6475
35.2625
40.305
36.8075
27.37
34.915
44.3
82.2125
68.9375
60.57
71.365
54.8175
33.21
56.5725
53.625
62.9325
52.2675
58.415
27.6375
54.625
44.24
73.1225
46.57
65.6125
31.3725
62.7125
47.74
67.59
46.2425
63.1925
60.3675
78.9875
37.4275
47.335
56.0825
31.67
45.5
37.4675
72.0525
55.5175
47.0275
28.8075
51.425
69.8925
49.6325
69.0525
52.9075
66.3725
68.5075
48.4075
46.2825
79.965
56.5525
59.955
69.3525
63.345
65.8475
68.1575
43.63
64.8675
46.2725
62.7025
70.7175
39.8
37.4075
56.825
83.165
65.7925
47.13
27.615
79.285
83.44416666666666
61.1475
52.555
47.815
51.86
36.0825
60.49
41.0925
70.9175
51.885
76.95
53.43
43.0325
32.44
34.115
65.385
39.405
61.175
77.9625
66.1275
45.9125
63.5075
41.4975
44.59
69.6175
50.635
34.4675
45.75
40.615
36.7175
70.59
35.02
61.635
64.42
36.39
46.62
72.3675
54.3
41.28
38.335
92.345
72.2475
50.3825
62.2215
68.875
63.2125
62.0175
28.6775
55.695
50.575
50.485
62.355
44.54
45.3225
41.475
83.9675
47.61
64.675
83.3
52.6575
36.6225
36.8275
51.27
51.6925
60.8525
63.065
58.6075
48.0275
54.8875
61.85
69.5575
51.745
44.4025
67.6775
53.9625
46.855
63.155
56.49
73.5
88.9175
65.655
63.6675
51.15
81.595
54.3
36.4625
58.82
34.5075
60.4975
48.4
42.63
64.8725
58.01
74.92
68.5725
73.155
76.1475
66.7975
31.565
63.95
74.84
50.2025
40.6825
58.925
42.2575
42.5375
41.5175
46.7125
58.96
63.145
84.745
60.615
39.625
50.94
33.9
44.825
60.6
41.8825
65.8275
68.5325
45.565
78.515
44.4775
66.76
71.27
64.2575
66.9025
53.4975
79.785
57.54
40.45
76.2575
58.57
50.1775
46.7275
68.9875
39.5075
62.6375
65.8425
50.075
39.235
69.0
58.0825
49.6625
57.6425
54.8275
57.17
61.58
69.775
50.78
62.2525
62.75
57.4525
44.9775
51.435
52.04
54.79
67.4075
54.7375
66.5775
64.38
49.6175
50.6175
53.31
54.5325
55.4825
70.3675
58.8
40.4125
67.02
67.705
54.89
65.32
53.075
52.53
53.37
68.81
84.24
71.9425
50.4275
41.575
73.9975
33.6825
41.095
70.195
48.7625
47.8125
49.9975
62.1075
78.4925
47.225
40.2325
57.385
51.3825
72.915
44.1
39.855
49.15
78.59
65.7875
42.7025
52.52
42.2825
69.53
59.45
40.51
40.7725
81.75
43.19
60.7875
55.45
33.735
60.915
84.105
46.4325
52.6175
38.22
47.21
60.5275
29.6825
64.365
46.665
54.6375
42.3375
62.675
50.56
64.9375
38.97
44.7925
48.57
41.065
54.33
65.3925
49.5025
49.1025
52.905
37.985
57.1125
43.305
48.675
57.89
45.97
28.14
53.985
45.395
58.4325
65.445
93.39
49.225
56.6025
65.7925
46.3
36.685
43.745
88.31
33.1125
75.9175
47.6075
75.5775
54.48
58.35
48.6175
46.365
64.9425
42.445
36.815
82.235
74.0775
63.1
48.1725
28.6175
84.9125
69.625
67.62
47.04
50.0775
38.41
33.52
67.09
27.0025
55.3625
65.29
56.2925
67.0225
53.875
61.45
66.425
57.7075
48.64
28.13
67.93
63.205
44.6775
39.7725
29.22
63.745
68.1925
52.115
64.745
82.78
39.08
37.65
68.4675
60.6225
64.6925
64.615
79.485
59.1575
35.385
37.105
40.6975
75.8425
59.2975
67.9175
57.5325
32.3275
62.0725
72.64
82.8375
28.473333333333336
64.375
58.8025
36.4025
49.73
62.79
53.5375
51.01
48.4925
61.0225
51.5475
50.21
45.675
50.295
53.7725
46.1525
49.445
76.345
44.1275
55.5775
69.0875
34.84
38.08
35.83
30.815
56.3525
72.4475
54.1
61.46
69.525
54.43
59.9225
42.6175
57.1575
68.025
46.8
41.665
45.475
30.475
42.4125
51.86
64.965
41.6525
61.305
64.91
61.16
70.0575
36.29
43.8625
45.24
67.2375
61.7775
62.055
82.9925
35.275
67.495
51.3675
55.49
68.5675
34.595
47.725
57.785
59.67
46.9325
29.9675
79.3225
58.2475
74.1025
47.9425
42.545
60.2525
50.01
46.325
31.5775
40.0425
70.565
43.6975
51.825
66.145
50.3125
50.185
50.125
77.3675
36.04
42.755
69.0625
50.6175
56.165
58.97
69.0875
38.865
61.8625
55.23
51.145
50.0675
46.335
75.14
25.4425
46.485
82.0075
55.07
62.68
47.2125
53.73
55.1725
55.3025
76.095
57.8175
69.34
44.4425
34.9775
57.5725
64.2025
60.265
30.75
58.6125
68.2725
65.3725
50.5325
53.1225
42.48
41.03
45.98
48.72
66.07
56.2775
56.95
43.7425
58.9125
69.195
35.3675
48.8475
69.8675
65.3725
79.74
38.68
61.6275
71.56
62.55
64.38875
75.4275
39.265
70.19
44.3275
45.6025
56.11
42.59
64.915
54.2
74.5275
50.1475
54.785
74.1975
66.22
58.0725
49.6275
65.4925
48.9925
43.39
47.775
46.28
66.8425
49.275
71.9925
42.94
68.5675
29.185833333333335
44.85
41.6575
64.865
64.2
59.115
75.725
66.66
73.0575
57.605
62.7475
66.7325
55.295
54.0325
60.9825
51.9175
66.3725
72.8825
77.2975
80.75
64.8275
55.5925
61.8
44.385
76.8225
54.4925
67.06
64.4475
67.385
57.01
63.2275
57.91
68.18
65.595
40.595
65.335
39.0825
75.0225
51.9025
49.7425
43.3725
59.67
79.5275
53.5825
63.145
63.6175
50.61
43.955
49.155
48.2325
94.27
50.12
69.7875
30.485
53.94
71.55
74.71
51.725
54.6775
57.535
49.82
60.285
40.525
62.8425
43.9125
59.185
42.1875
48.77
52.865
65.7275
82.5925
71.685
63.925
59.4325
55.8025
48.2425
61.86
35.035
61.305
69.64
66.66
76.1775
53.555
42.2525
49.88
43.1175
60.8025
37.3575
63.7175
45.385
55.7375
46.5475
50.6125
56.3575
58.2575
66.975
56.3275
48.925
70.705
63.6975
35.3325
70.805
63.04
49.9075
75.28
43.635
62.54
66.1725
66.31
34.47
55.115
57.8475
58.9475
48.48
25.6575
78.365
48.4675
53.565
57.275
63.1975
59.5825
70.775
63.7625
49.65
76.15
80.3475
60.5075
89.03
43.715
88.21
72.2525
26.7075
64.88
48.0675
50.1575
68.1225
32.9925
67.4125
44.105
52.9725
43.7275
55.865
71.0225
66.0275
78.1525
78.33
62.455
73.16
43.0425
76.24
76.6825
57.0875
52.545
86.5825
61.4675
74.905
43.32
55.9725
64.2825
55.5275
37.4475
63.2825
67.1975
36.8525
42.0575
77.3325
64.2025
70.6275
27.885
32.5375
46.5275
38.01
58.2325
51.8425
60.6825
43.7375
59.655
64.855
54.615
35.6525
57.9325
56.9625
40.2075
43.13
63.5475
51.815
43.335
74.2825
64.4975
75.5025
57.8375
88.3225
44.565
48.1725
66.535
75.75
41.335
57.17
60.5
57.695
25.5925
69.6575
59.7725
74.195
70.195
65.0075
63.3475
59.01
51.83
39.7425
42.975
51.7275
67.64
68.89
64.15
48.4125
31.6925
43.1425
64.2825
44.765
45.5325
40.8925
46.565
56.22
68.1525
55.2725
59.3875
48.3025
33.1325
41.3075
73.405
55.845
72.455
39.27
63.5475
63.925
41.89
30.865
70.2175
47.215
33.85
80.435
46.9325
43.5975
42.295
60.7325
65.7775
60.4375
75.1175
48.37
73.16
47.7725
56.05
65.935
74.3775
74.9075
66.4025
78.945
63.4425
69.3425
66.485
53.25
70.99
69.655
64.61
55.63
32.3725
57.3525
36.135
71.05375
36.7625
76.13
43.375
71.085
66.84
53.415
62.845
62.1475
54.275
66.0025
42.0375
55.955
76.5375
40.2675
72.2825
69.3025
43.6975
48.2775
55.125
31.8325
79.055
45.3925
39.735
56.5825
55.4325
58.64
61.32
63.67
88.11
53.4525
50.3525
48.17
54.3625
56.645
48.165
50.64
55.5675
33.545
59.0375
51.72
50.705
53.555
78.5075
57.8025
54.885
67.92
87.73
32.6125
54.7725
69.13
65.91
35.9
80.3625
65.15
71.405
70.405
69.4125
76.61
49.93
78.265
42.295
65.8525
60.7075
61.895
61.0425
71.225
30.24
71.045
55.145
37.0575
66.745
68.6025
65.4525
45.8025
66.1025
65.635
56.2975
63.015
63.55
50.4075
57.7825
51.6675
42.3925
43.0275
82.4825
46.8725
58.6275
60.32
60.17
63.42
52.125
44.1
58.4025
64.6875
56.8125
87.22
56.2675
67.03
66.2775
67.5825
72.81
45.605
66.825
45.37
70.06
60.5825
65.3425
60.89
45.4925
43.2625
54.3825
27.8
39.795
48.515
64.19
65.99
80.395
70.81
44.5025
65.88
50.2525
56.165
65.9025
48.655
22.305
69.78
63.7925
73.0525
46.5025
61.8525
48.5575
72.69
62.535
44.2525
71.05
61.11
70.7
53.255
63.33
64.7575
44.76
52.1475
69.5175
42.29
50.1
45.77
37.1225
40.265
69.0925
56.395
59.78
74.1025
72.0825
63.9575
67.31
67.875
60.335
64.465
66.6875
74.1375
44.9625
53.225
28.3825
64.8175
52.2325
59.8275
60.29
61.2
70.6175
37.73
61.7475
60.7275
46.695
49.7525
42.5375
61.57
71.4525
44.6275
53.14
40.3425
30.26
65.8275
62.225
55.0375
63.0875
42.33
55.6725
60.0975
52.4825
41.63
53.975
59.4925
72.2425
72.5
79.8875
75.26
53.34
38.7125
74.5825
42.195
33.195
68.925
53.785
62.9625
43.895
55.7025
49.3475
53.475
44.6325
51.8325
62.13
35.6825
74.2175
58.685
40.08
36.67
44.78
72.5325
52.835
68.3675
67.2125
49.125
68.485
49.6575
70.2
68.9075
51.435
46.895
71.7
60.805
67.44
49.8775
46.7825
60.9025
49.415
28.36
62.365
57.125
37.5025
68.3725
68.9975
46.935
66.8
90.9325
69.9675
66.8325
58.775
57.165
67.105
51.7625
40.02
64.59
48.725
56.68
56.575
45.9275
74.1675
56.9175
58.1575
72.685
65.9725
24.285
69.5275
60.3875
49.0175
60.2525
67.6775
63.1375
49.935
58.0775
52.5375
76.0225
70.725
37.8075
59.525
66.805
63.8675
56.6825
67.355
56.485
38.5975
57.855
57.6825
74.805
45.2375
92.635
38.5425
79.11
42.47
67.715
47.45
59.3475
50.0325
52.095
70.775
56.795
53.53
47.2125
54.0475
44.67
51.1225
70.265
55.855
41.29
57.6325
53.225
47.34
38.7375
48.735
56.365
57.1425
48.07
53.6725
73.8575
65.715
52.5
40.6225
62.15
51.785
68.98
54.225
39.1125
69.645
78.83
63.2075
61.09
73.4525
48.81
59.3825
48.52
38.165
42.61
54.39
38.595
83.6
56.3775
40.1025
45.3675
75.775
58.695
36.11625
50.2975
67.575
53.8325
21.88
67.97
37.3825
53.2125
62.55
61.705
53.99
41.5575
61.2325
42.1225
46.325
60.365
65.14
59.4425
42.7825
69.16
64.2975
57.045
52.375
82.06
58.5375
44.5825
59.2875
49.8325
42.7625
55.0225
67.1025
62.54
70.5625
39.03
39.495
36.19
36.245
74.7175
81.76
59.04
65.445
42.515
63.39
52.77
44.445
59.19
69.0175
42.98
54.5725
40.305
59.0175
59.8275
74.425
60.11
45.75
60.81
53.8275
61.39
54.2325
63.595
35.6725
42.64
44.0075
63.6475
59.37
64.1
65.7425
45.0525
76.2675
45.8325
46.745
40.2775
55.12
55.8475
77.445
43.255
50.23
47.0925
71.4275
70.8925
73.82
38.8875
57.0975
67.605
60.3325
52.235
71.33
37.1725
56.8625
46.545
74.645
51.0775
45.98
52.3575
33.0875
39.4675
39.8025
47.265
73.5325
78.7625
43.9975
75.8825
67.75
61.56
47.2775
40.6225
49.23
43.515
40.5725
62.0575
31.545
63.3425
49.3025
41.645
62.48
64.785
48.385
40.505
54.9125
76.11
60.415
69.385
67.3
71.91
68.1175
60.0825
27.62
68.365
50.6975
44.5625
39.9825
86.7925
45.695
40.2125
34.82
42.69
70.255
47.1375
56.065
32.9075
29.3225
54.925
40.17
60.085
71.445
35.125
72.3725
41.9
70.2375
63.86
75.315
25.1875
56.7275
70.8025
61.9125
55.8525
66.05
53.665
54.0975
35.39
42.0525
56.605
50.905
60.375
69.44
59.745
54.79
29.23
39.08
53.725
38.3075
70.2225
51.3825
32.02
65.7175
34.945
44.42
51.4025
62.085
64.8675
49.1675
49.2625
41.795
42.8725
28.14
29.56
32.55
68.045
55.69
41.3175
39.95
30.165
42.98
32.1075
66.7
46.985
52.635
55.4525
53.355
69.87
70.5025
57.375
80.3425
39.265
32.765
71.0225
59.1725
58.7725
65.845
57.54
77.8875
65.435
78.6725
50.52
55.55
37.9125
45.4225
54.6825
53.055
46.465
63.925
62.9675
64.6825
66.1625
50.0175
64.895
68.04
40.775
38.005
53.135
36.27
55.0825
75.115
31.1475
65.8925
50.54
56.5875
50.4775
35.675
32.505
43.1625
61.9275
42.885
48.4925
73.9225
58.455
54.2
63.57
69.55
43.025
54.1
47.48
63.015
69.355
53.8775
59.49
40.41
71.6
48.505
72.6
57.5175
63.2825
64.795
37.2
38.0825
43.24
58.715
61.295
26.1875
78.635
47.255
70.2325
66.98
57.7125
78.76
61.9375
66.085
51.83
65.7225
37.8675
50.5625
45.7425
47.8375
65.8875
55.7275
49.9175
58.595
36.765
49.7075
46.5725
47.4175
38.3325
71.7775
54.665
56.435
73.895
38.0525
61.3975
51.0775
35.305
47.7625
55.6275
60.415
44.6975
36.69
93.005
31.8375
44.37
72.295
62.9675
45.5125
57.7925
52.4875
48.25
66.3
75.3825
59.6075
41.175
89.505
54.485
54.9925
49.6775
63.4225
36.535
54.255
51.025
59.335
45.765
53.7475
37.56
86.875
41.9675
64.64
51.235
80.5475
26.925
36.5575
76.765
59.5525
68.34
44.2025
75.2625
65.07
40.765
55.2025
76.22
45.7025
62.1175
42.05
57.08
65.485
84.5775
61.88
87.81
55.1625
42.6675
51.7175
39.97
74.345
61.25
73.135
73.3775
50.0725
73.0575
52.82
73.155
55.0
64.045
40.3925
73.515
41.835
65.065
50.1375
19.15
37.65
62.035
68.2975
63.9875
42.3325
62.6925
47.525
39.5825
63.6375
72.04
65.71
54.71
46.23
31.3125
56.9075
46.0475
83.31
48.0425
45.6775
71.905
69.6325
70.6625
73.9675
64.8225
66.295
26.255
46.2975
73.965
33.845
45.8425
43.61
52.9375
30.895
77.9725
33.39
49.4575
50.52
40.4825
59.3225
84.585
47.4175
51.625
45.145
58.5975
46.3625
22.3075
59.4925
65.1075
72.155
71.9625
65.3225
53.56
32.9375
53.605
77.5275
51.385
47.5025
75.665
53.6775
45.4075
35.6275
50.9675
46.4875
65.6025
45.9575
71.7075
59.145
66.4675
51.985
59.9275
52.0825
74.48
34.0225
89.9675
68.5775
37.95
66.2175
69.145
53.5975
63.8725
74.105
42.0275
59.1925
64.605
58.705
64.1625
41.48
75.245
74.825
54.3475
40.1025
61.39
62.6375
41.9575
60.39
62.76
41.485
40.4825
43.64
41.98
41.7325
64.3625
72.99
86.4125
29.4625
64.71
58.1575
62.555
63.985
41.4675
43.72
43.88
56.8875
82.7825
82.1175
90.98
74.2975
36.3125
46.9475
42.0625
71.5075
50.1975
60.845
51.4425
51.41
55.5025
75.33
75.6575
50.7425
74.1425
42.1975
75.915
40.9575
61.4
44.4375
66.815
75.265
55.1975
74.8275
66.195
41.89
63.265
51.165
74.2425
65.205
73.9275
67.395
63.815
42.5025
32.1425
51.3975
58.2075
42.9675
67.2825
59.775
70.5575
60.415
75.285
54.2675
56.98
56.005
77.0725
52.025
66.7275
78.49
59.0525
68.3675
65.6175
35.7425
45.03
54.0075
58.6875
61.57
38.395
36.51
67.1325
38.37
48.3025
77.9375
78.8025
49.9125
45.465
52.885
55.2825
82.545
69.9225
37.2125
62.3675
65.2125
48.8675
61.43
51.765
54.025
18.8
46.905
58.26
58.4125
64.1275
68.4175
59.55
51.47
31.085
40.2675
49.34
46.71
49.35
60.8575
54.195
40.5525
52.2625
29.4925
37.945
42.02
48.505
77.68
66.6975
51.345
55.5575
68.9125
51.3825
70.6025
39.9175
70.03
54.54375
58.1575
67.4625
69.97
80.11
57.42
46.8175
41.4925
39.9825
64.6975
63.2325
77.055
60.145
26.93
34.885
57.93
64.9
47.445
68.24
67.28833333333333
50.855
48.7825
63.045
47.3425
55.705
31.31
65.1375
21.9425
61.4175
35.9025
70.1225
46.8225
44.15
51.785
51.45
46.9
49.69
71.4075
72.9425
42.3425
75.8725
74.2025
54.01
58.2875
74.21
36.105
73.8175
64.5225
56.5575
46.365
58.6675
40.36
41.97
77.3575
66.06
55.7025
44.13
67.245
67.0575
42.5
54.185
63.0975
76.86
49.6125
40.535
54.195
45.2675
56.9775
66.055
31.0025
55.565
45.9675
59.6325
63.2275
63.2925
21.145
66.69
59.87
74.74
48.7
53.13
63.3275
71.5975
59.865
40.8175
72.0
45.1325
65.8575
49.8075
23.7875
69.435
46.4175
51.595
67.55
44.07
47.2
33.6225
69.85
45.2425
54.0175
39.8525
61.5125
58.595
34.58
49.78
69.525
71.275
73.3625
47.58
63.5125
79.1625
82.64
78.7
46.36
70.2225
69.95
49.1325
26.1225
45.9775
41.0525
57.6
47.845
55.2825
80.75
61.65
58.0525
56.77
47.2325
54.8475
48.0025
45.0375
63.1525
57.4675
59.59
38.915
53.7775
70.9
48.3625
32.2725
55.0675
33.8675
60.2675
57.1225
47.0
69.67
43.185
42.8925
34.5725
54.465
38.06
57.5125
59.2275
61.96
42.89
68.665
86.4025
67.475
56.49
41.485
66.3975
62.065
35.38
42.215
56.68
67.4575
65.8
41.7075
31.7225
53.9
51.235
62.4725
63.765
49.225
75.57
26.0575
44.565
56.7025
48.9225
82.175
49.7775
67.9225
58.415
49.545
73.8775
63.9
47.8
55.3675
53.08
40.5925
41.96
57.27
49.7
36.855
97.3125
63.42
71.56
52.6925
33.655
56.405
82.275
71.085
58.6725
65.4025
63.9075
66.025
63.6525
73.23
72.9825
83.4225
40.405
59.265
64.6475
55.6675
38.4
51.2875
48.985
54.8575
44.9325
58.9175
71.87
44.4075
32.5775
69.645
60.3275
47.98
57.1725
54.9425
50.895
69.04
60.135
60.8675
54.0925
27.5975
61.865
64.5475
30.51
43.835
56.925
48.46
61.04
63.7625
73.795
45.0025
43.3475
68.4675
67.5725
51.98
69.0475
73.605
39.1
62.965
60.36
48.715
32.335
40.215
56.415
43.7475
74.385
63.095
64.2675
64.53
50.04
36.175
36.9525
73.63916666666667
36.1875
63.8825
26.9775
74.32
43.7375
58.1425
63.595
44.0725
63.75
53.0425
46.905
57.97
40.4475
56.3675
60.065
43.3725
82.1975
78.6225
44.49
31.9175
49.8225
77.99
58.07
61.1
52.8775
51.13
63.0275
66.1775
55.9475
46.105
28.07
65.915
62.25
77.78
63.18
45.645
49.2125
71.5075
58.0675
49.4525
56.12
46.1625
49.045
54.2425
36.92
48.0625
42.095
48.1825
65.4075
69.995
49.0675
48.2325
43.1675
72.8625
47.29
59.5975
52.5775
47.365
33.23
75.74
60.06
56.7175
65.32
64.6425
50.67
60.1675
35.9925
64.5025
49.12
86.465
41.685
44.5475
43.27
69.175
41.21
67.15
44.5825
61.77
44.9675
38.2225
42.525
65.84
56.205
38.6925
61.73
62.43
55.46
37.405
44.5325
53.5175
70.5475
48.17
45.44
62.9175
40.2025
57.605
55.4525
60.35
64.3225
73.2225
67.0375
58.1075
34.26
55.2625
50.88
65.98
52.8725
65.41
34.5375
64.9375
82.4975
59.9775
57.0925
44.8425
77.7125
77.05
45.225
74.59
69.915
36.7825
43.9625
60.7975
62.97
69.905
48.19
36.085
51.2975
45.605
61.6675
71.9225
40.1675
60.8775
39.9575
39.5075
62.6675
61.8825
25.32
44.0075
58.725
41.9825
43.7325
53.2625
31.6075
71.64
45.055
54.54
53.9075
62.2325
63.4725
47.645
55.2625
35.0275
38.7675
59.8
36.6425
39.485
64.69
56.2475
54.115
72.5875
77.115
46.3925
52.94
54.0975
54.8775
71.8375
59.8575
45.225
63.8625
58.19
58.3375
31.3725
62.7425
69.4
46.245
60.0825
36.765
61.835
67.3425
67.465
46.115
65.715
55.14
67.38
69.685
60.0425
56.0025
50.9175
46.61
58.4875
70.5025
63.4275
48.9975
71.85
49.045
47.7525
50.0175
51.6225
64.86
54.8325
76.9825
72.755
46.3375
59.9375
31.965
43.625
47.545
71.595
59.8975
62.46
46.9925
33.415
49.8375
48.8075
42.555
49.325
70.8625
36.155
56.15
59.6
54.42
57.1725
64.4075
62.8875
33.985
54.5325
62.6875
52.425
60.8375
53.8325
63.8025
57.55
41.02
59.6675
69.3425
61.255
71.645
59.935
62.4675
41.48
49.41
44.4675
56.84
66.14
66.54
58.115
76.53
78.0925
57.82
60.0525
44.225
62.9775
88.075
27.865
43.655
60.9225
66.0425
51.8725
61.1625
33.445
58.22
27.0875
75.12
60.68
61.0975
58.1075
50.96
61.1075
88.0025
57.3575
65.8125
73.82
66.4625
56.8425
49.4775
50.145
22.955
55.08
42.5975
49.94
77.58
55.0675
47.9925
37.6075
57.04
49.265
63.175
47.3025
56.61
31.485
37.405
31.33
65.8225
70.4875
63.93
44.0425
58.645
63.105
41.9475
50.3125
60.4325
52.29
64.7425
46.3
77.985
44.935
52.125
74.3925
73.6025
76.38
40.325
39.7325
52.595
56.165
70.03
56.4775
73.6925
45.725
77.5125
69.09
71.9975
64.795
40.5475
37.9475
42.655
78.4175
46.1725
26.8575
43.7175
40.725
65.8875
75.08
59.605
49.725
69.665
52.435
36.635
37.6725
64.83
62.77
51.1075
60.83
74.87
52.915
45.355
63.08
69.4475
32.0325
47.63
56.0375
35.865
46.14
45.7775
60.8475
36.7125
45.1625
52.305
45.7975
63.1575
55.7675
54.3825
59.215
36.2
47.755
28.9525
64.2575
36.1925
65.345
70.0025
73.3125
61.8625
59.8475
53.815
83.915
59.105
44.62
43.3925
45.135
71.2175
55.97
56.4725
66.75
59.2225
55.4875
36.01
55.94
57.9175
65.485
41.5875
42.0025
67.445
50.15
58.2675
57.705
38.29
70.12
61.6675
55.7675
45.86
47.38
70.215
55.1425
29.82
62.605
53.6
62.6975
65.4125
47.2375
43.8225
71.5575
56.2425
52.965
54.6425
47.5575
34.5925
46.9375
55.97
38.31
64.005
64.8075
51.5225
47.65
67.935
44.475
42.43
66.915
76.9175
37.42
50.3275
60.1225
52.1375
43.97
74.385
36.065
57.3775
52.3725
41.6775
56.5375
56.475
69.2925
61.075
73.69
60.2975
72.1825
73.97
32.5825
69.5975
52.9175
92.41
37.14
67.71
68.765
70.1925
42.025
55.96
37.385
70.96
67.07
33.5975
68.4
56.785
60.36
80.025
75.585
71.645
44.3025
46.8
59.395
67.93
69.8225
44.2025
54.5625
76.205
83.7975
73.1825
42.13
58.85
44.685
57.1625
58.7875
52.4075
50.38
44.28
43.7025
71.6975
48.51
64.5975
35.0975
35.8825
67.49
44.3975
46.5425
54.235
60.845
67.0525
88.4175
38.1375
50.5475
71.5725
58.6975
52.99
34.21
49.43
32.8675
56.5325
49.1425
69.41
57.9775
35.615
57.0175
36.4675
35.3325
74.2125
66.9425
45.29
54.11
59.5925
63.85
34.6825
42.7725
78.2025
53.255
72.73
39.5025
59.2
69.88
59.135
65.675
56.7025
48.2575
22.835
53.8225
58.2075
44.8125
34.38
71.085
68.48
60.97
55.6925
50.9375
83.98
38.8875
68.3625
50.465
65.615
63.475
54.9875
60.2525
42.02
67.945
38.4025
46.77
52.0625
57.085
48.89
45.8925
55.165
71.115
64.51
59.1825
36.485
64.0725
47.0975
66.1275
53.4975
47.455
80.155
48.2
60.1225
55.8525
32.1275
68.985
62.1775
55.1675
71.3925
61.8175
66.52
54.4
34.69
38.475
64.36
70.12
46.53
69.0475
79.175
61.645
33.4475
55.795
50.9925
40.03
59.555
81.3
78.7075
50.34
62.395
59.07
68.165
58.2875
45.28
48.195
49.7625
38.1625
59.8075
66.1875
42.075
62.17
66.7875
59.82
47.675
67.7725
68.5575
59.52
50.65
64.915
78.49
67.6825
63.54
49.8025
72.2725
77.17
52.9725
45.7675
75.2575
49.98
29.0575
26.425
76.2575
66.915
37.4775
68.105
59.245
59.28
48.6425
61.4
51.365
59.56
80.42
59.215
67.1425
47.24
21.485
35.67
82.27
60.6275
68.565
57.2825
48.965
74.14
73.815
38.67
22.98
30.7825
66.0925
51.1175
46.1075
34.315
35.8625
74.8875
43.3675
67.3425
55.9725
57.6875
30.77
59.7525
55.3775
26.965
73.3675
51.2525
37.04
56.15
78.485
71.5325
74.965
72.9
58.6275
41.02
62.1675
49.325
42.8975
38.58
66.6675
58.5
51.2725
61.1225
36.1725
52.12
51.0275
45.905
56.7325
55.38
66.7875
42.03
50.1275
57.3875
40.1475
51.8225
46.14
74.31
73.6275
43.175
68.125
22.0925
38.32
74.77
75.77
47.9075
78.7325
53.335
66.64
29.475
45.9175
59.4775
35.3075
60.5575
69.9475
27.58
46.2275
70.325
75.2475
73.885
58.1175
62.8875
64.1425
35.33
62.5575
48.8825
78.13
46.3175
49.415
57.8275
75.875
69.16
51.455
31.0775
79.05
40.4975
49.75
55.1875
70.5725
75.0825
63.8475
29.95
37.6025
71.6575
53.6275
62.6825
41.8
73.955
61.5925
53.905
55.5825
54.3875
51.18416666666667
58.635
56.21
51.1325
49.18
71.99
51.05
45.4225
42.7125
58.5675
49.5125
56.6225
45.7725
57.03
45.265
58.4725
52.455
64.675
47.105
53.185
50.3125
31.2375
74.64
46.995
41.035
49.8
43.905
81.265
43.7575
59.0775
75.8725
44.51333333333333
56.0625
54.0625
41.9
57.965
36.06
49.925
43.81
45.3675
68.23
59.935
69.955
56.1775
59.1225
75.325
60.8875
47.045
50.7525
64.6525
46.7425
71.9475
58.1975
58.415
48.47
43.505
43.66
59.2675
47.8225
75.3475
66.0525
49.135
70.985
45.9975
56.48
70.9775
40.5575
54.2125
48.1875
31.94
80.05
64.805
45.245
46.8275
26.95
67.485
59.9325
39.8175
53.9375
47.4375
68.8675
60.2075
48.9925
80.905
35.5525
31.8775
69.7125
85.8625
83.665
55.23
46.0675
42.8325
55.995
57.5025
34.925
54.065
74.6025
51.7725
63.4
66.7575
63.6925
68.465
42.27
51.0225
64.1425
69.645
69.2775
54.21
70.6175
72.9525
63.435
47.195
68.8775
59.435
50.805
59.81
58.415
50.8375
66.0725
50.3675
37.1675
73.4175
57.04
83.7775
45.755
69.0725
52.035
57.4925
65.9975
29.7625
73.4125
37.5475
49.225
65.2725
67.7975
34.43
37.4775
56.9825
40.14
80.03
80.27
52.275
35.6
49.765
60.125
50.54
60.105
67.6855
84.7925
72.94
66.5625
45.6875
78.04
41.9775
41.0225
52.4925
68.645
34.5325
34.955
78.685
38.2725
60.3275
71.215
65.45
67.96
40.025
41.165
68.35
62.4825
46.9475
46.525
63.3025
53.8625
68.0925
76.1775
78.105
60.665
72.1
70.0375
51.23
69.455
50.08
52.205
59.3375
52.2325
32.815
55.32
50.7575
52.5725
77.185
69.6325
52.935
70.68
58.3125
68.12
52.49
65.9025
55.05
89.6275
42.93
61.905
44.0675
56.73
58.5425
69.345
28.2
47.7175
57.1225
60.07
72.2
63.84
36.75
62.1775
72.565
42.29
60.44
52.6
25.72
62.1625
32.23
71.595
53.1175
75.4275
59.655
67.83
69.65
42.47
52.385
57.6925
49.7625
56.27
44.09
61.15
59.84
59.045
39.445
63.0025
47.29
46.965
81.01
65.08
35.48
59.0825
44.22
66.42
58.4675
53.8925
59.155
60.96
49.165
23.44
58.4575
57.355
53.725
55.85
62.245
59.8375
42.46
54.995
41.505
52.0425
72.29
60.53375
49.115
65.635
79.8475
43.6925
34.6125
59.2825
50.12
55.4375
49.5725
48.805
54.285
53.5375
48.45
54.495
48.5525
37.7325
62.245
70.91
58.0825
47.545
39.04
91.1275
73.565
49.0275
45.89
69.4525
26.93
31.765
46.1475
66.2075
57.11
76.3875
72.2725
50.9475
48.3725
31.4725
41.42
66.795
56.79
64.66
44.8925
69.6425
55.67
65.6525
69.8175
63.87
58.3775
76.22
72.34
53.44
39.27
55.4375
76.3725
51.9075
41.45
51.8225
67.775
51.7675
39.2225
48.1175
70.3775
53.69
70.195
49.9575
61.83
36.95
73.06
43.0025
40.935
51.4725
59.1225
36.8725
66.835
59.795
38.985
49.975
46.32
63.1575
68.975
32.145
41.255
77.6425
69.4575
58.695
48.6375
37.9225
41.215
57.42
68.02
32.605
49.5975
48.8
74.08
48.5075
53.2575
76.1925
40.9575
45.23
70.9525
50.02
29.275
69.305
79.86
71.96
71.0975
57.0825
48.4175
61.395
70.2025
51.04
61.0725
72.135
74.9575
36.805
44.54
43.4575
47.6675
31.655
40.9225
54.07
66.625
39.0525
61.3075
56.505
43.44
48.985
69.7925
49.7475
55.1475
55.71
38.9075
46.7875
39.965
39.865
67.9325
25.5225
53.52
41.7825
39.255
37.4925
57.38
58.79
44.4275
59.175
41.73
61.1175
67.215
72.7825
75.6175
49.715
56.445
73.14
79.1425
63.6
53.9475
37.6375
69.6075
57.56
46.3375
65.0125
52.08
69.4
54.8275
53.58
55.02
47.215
82.1
49.1225
55.5025
61.23
49.2025
46.1325
71.52
39.11
41.71
57.5475
44.88
54.2225
61.405
67.825
77.5475
48.985
57.2175
57.89
71.3375
53.795
80.84
67.13
66.4225
49.7425
62.3975
63.84
78.9225
52.795
64.4425
66.025
58.905
63.5075
91.1875
62.545
70.845
60.4675
65.0925
67.4775
46.94
59.0675
73.5475
63.4175
28.76
52.4625
60.6775
55.085
66.64
39.3175
60.53
39.21
70.2975
54.7725
63.15
30.595
64.8875
50.0
54.6275
48.8175
53.4925
59.275
45.535
76.1825
65.7325
41.25
27.465
36.065
66.6075
60.8875
61.7
45.39
35.7925
66.6625
55.8725
52.175
56.9475
49.1425
50.9475
34.5575
69.38
78.525
73.8425
68.475
42.2875
61.24
61.16
51.9525
47.1775
59.1675
30.575
51.655
43.565
41.4525
74.93
67.62
73.91
43.4875
70.76
48.325
36.8175
50.44
55.2175
57.965
48.57
76.3525
59.505
56.14
46.1125
32.0475
50.3475
67.1075
57.655
35.625
40.9075
53.4825
45.1475
56.9025
52.495
81.2025
41.5075
46.9475
63.885
63.0625
74.47
52.92
53.4275
61.005
46.03
57.4325
76.7725
53.5525
73.37
59.2625
70.3175
51.375
77.4725
65.0775
54.735
65.1575
35.6
44.275
72.1975
61.09
55.7075
59.8225
57.1075
29.3575
49.05
57.965
53.145
36.74
53.71
38.875
63.05
31.8725
71.13
71.7675
51.515
43.92
51.2075
61.5625
67.8175
59.49
52.275
26.36
53.9325
66.6025
42.1875
57.6575
77.0025
69.7475
76.885
90.2775
60.6
69.93
50.375
47.5675
40.3325
60.185
61.285
32.81
37.1725
60.3975
44.565
39.4625
57.7125
66.93
61.4775
51.245
70.6125
55.8125
69.0175
78.92
56.3275
45.8925
72.7325
51.65
72.0
53.1225
71.1875
54.8825
52.8825
37.775
78.5775
31.6325
32.6575
53.86
68.08
69.2075
60.1525
69.2375
61.73
63.4825
27.875
68.1375
55.0525
38.8225
37.5075
54.285
81.535
75.015
43.975
58.7775
54.3425
71.0675
64.575
53.8725
60.97
62.625
27.2875
61.35
22.7275
60.575
64.86
49.19
71.5
58.4325
22.8375
32.045
57.96
31.9725
76.1025
57.3875
74.535
42.8975
58.94
69.6775
65.4175
35.455
32.55
45.32
36.84
32.2375
56.16
22.5825
34.5025
74.84
44.7175
44.6425
35.1825
71.59
61.1025
38.8675
45.09
37.9775
67.83
42.0875
46.595
41.7925
49.8075
68.2275
69.1
60.64
62.8375
57.82
77.195
49.01
39.7725
54.5975
50.265
64.555
46.3325
46.29
71.54
65.625
81.0175
49.2
38.645
62.355
33.57
48.185
56.6825
75.5375
31.9675
47.9975
62.245
74.2525
60.85
68.1725
68.6475
69.9275
40.7225
36.4525
65.3725
74.025
50.955
55.2575
55.1375
23.86
31.69
44.865
43.015
48.3375
50.1925
44.91
58.5175
66.93
56.2575
56.545
56.665
63.015
44.725
63.77
75.1025
50.01
77.7925
86.5925
77.1975
62.335
49.645
36.395
66.7825
80.3375
26.3475
60.7375
56.05
76.3025
62.6975
55.6575
52.4675
59.375
43.355
76.9075
71.0025
35.9575
35.74
66.9325
45.4325
35.345
60.73
31.87
50.32
66.3225
40.015
66.4775
74.5225
47.685
37.965
38.2325
33.1125
63.035
46.09
78.795
83.59
61.015
58.9975
49.695
51.1425
56.5325
36.11
49.77
57.625
40.8275
40.905
55.5625
52.8375
40.295
52.2675
44.8725
70.1425
74.4025
62.29
46.965
68.01
42.8525
51.755
40.4325
83.4675
62.7925
29.1075
55.4425
45.295
73.025
66.6675
57.98
61.0675
36.9975
58.6
63.2225
76.6175
52.8925
65.775
64.29
66.0925
49.33
84.1325
68.815
55.2075
69.9175
66.065
41.4375
60.3125
73.8525
35.0275
69.4475
51.7275
74.1575
65.6825
62.0675
50.495
76.5
30.6975
78.79
54.1975
52.635
62.9725
61.555
64.305
57.8575
43.97
53.6125
33.4825
59.1275
28.9825
60.2375
79.315
64.255
54.8475
35.8275
51.625
67.91
51.4475
22.21
52.2125
64.6325
40.6225
57.73
77.37
75.2225
58.1075
53.925
39.17
35.6175
58.725
67.895
78.075
32.2075
78.495
36.13
70.4575
24.3075
73.6775
58.7
42.78
45.54
42.26
31.43
39.025
67.5
44.7075
43.325
49.8425
59.17
59.86
65.18
44.8425
61.2625
35.4375
31.345
62.955
59.4625
71.3625
64.185
70.6575
43.21
54.71
54.17
60.3825
55.5975
41.76
49.5
49.25
44.99
22.9525
37.5125
54.0275
56.5475
63.135
70.03
55.95
57.28
54.305
55.4575
34.7875
59.5175
59.4
63.3925
64.9475
44.0175
47.575
62.3725
46.5725
64.03
46.5825
60.96
59.48
68.305
67.625
23.025
69.2175
67.235
63.0175
61.55
55.14
52.535
47.2825
49.5475
52.3075
51.395
71.565
56.845
49.0775
39.48
81.2875
64.955
81.3925
55.1925
46.43
76.97
55.8225
45.93
48.3275
47.88
19.1625
51.825
56.2775
76.1975
64.395
54.8525
63.9325
70.9275
59.5875
53.075
87.7275
64.7275
68.78
70.7525
77.0925
58.6825
60.545
46.1175
62.4525
53.2625
80.8175
35.6075
32.3975
52.4675
63.4225
78.185
39.0925
67.5325
40.8075
50.0875
83.4725
45.17
41.495
58.055
65.545
50.0875
72.1075
46.975
41.815
59.805
46.3575
55.4975
67.04
57.6275
60.0025
54.2325
34.0275
28.675
76.6175
49.19
41.1825
41.8875
40.3875
71.785
61.915
55.25
55.7425
66.205
80.145
40.5075
52.5175
54.765
42.985
44.35
27.97
81.4925
66.29
63.9025
58.6
78.4125
83.435
39.5025
62.07
55.845
76.405
64.0275
55.02
76.83
51.715
50.565
46.5625
52.89
80.275
42.6575
69.29
45.9625
55.415
40.68
49.4275
61.125
46.5175
61.2175
56.03
42.75
63.5075
59.9325
58.6625
70.8625
62.1825
44.065
83.02
52.6225
63.43
80.63
34.005
48.2325
51.75
42.7075
53.545
26.8
53.16
35.3425
43.325
30.365
79.615
39.1625
45.0375
57.38
45.365
62.44
65.325
66.8025
45.5125
45.5575
60.9875
63.21
83.2425
68.9275
56.36
77.25
56.8225
84.575
58.0
75.9075
52.2525
39.61
53.9975
57.4975
76.6125
29.5525
65.4425
68.16
54.82
45.7075
63.4325
60.1425
46.0525
82.145
63.9475
38.93
50.645
70.8775
51.775
70.5475
43.7125
34.7325
41.5525
39.975
51.7625
22.015
55.45
68.355
83.5225
50.5675
67.1225
34.8525
48.3025
86.545
69.94
61.4825
32.1075
65.1175
53.4975
47.785
47.285
43.3825
40.4275
32.5625
63.2575
62.535
65.835
64.6125
58.075
43.9825
47.075
67.425
50.32
38.025
48.815
71.1125
43.155
52.6925
86.96
70.32
49.3375
49.1075
71.3875
50.285
43.115
35.0725
49.1825
62.845
66.3775
61.21
83.8975
65.075
44.5175
71.8075
52.4025
33.2725
45.6375
51.2575
45.05
38.5775
49.495
30.895
62.49
57.2775
66.2925
63.31
65.0525
72.585
70.74
33.97
65.6225
44.105
61.5925
37.7325
58.945
38.71
66.78
77.7825
43.615
75.9775
66.94
51.815
73.9075
55.6825
68.2625
70.3875
43.695
58.82
70.915
71.2025
46.04
65.76
46.715
59.02
35.405
48.1725
58.9775
47.22
62.015
54.275
78.045
62.79
31.595
46.275
49.3025
64.08
52.9575
42.825
52.4725
75.3
33.9025
65.865
36.7425
43.535
65.92
48.16
37.435
48.4125
68.3725
65.1275
61.5625
46.4575
35.74
68.0025
42.875
44.5625
68.63
54.42
50.6925
35.02
51.485
50.48
71.06
70.7825
68.3625
40.8825
51.795
56.6025
42.525
54.6
44.3675
46.0325
66.7875
36.41
61.4425
66.12
53.8525
60.09
59.685
47.5225
40.62
45.6225
70.1625
32.7725
64.165
74.9375
49.545
68.495
72.5325
75.7275
77.685
53.3
78.4375
72.7025
61.8425
53.34
48.8475
56.075
56.87
38.9925
56.1625
61.0275
52.48
38.585
64.45
63.05
58.8925
81.345
72.9525
52.265
47.39
70.9125
69.885
78.435
32.57
28.43
50.7425
69.435
70.985
51.5275
26.47
59.09
58.9675
57.9925
44.8125
61.605
45.0025
35.9225
45.64
49.0325
61.82
73.12
58.6
66.485
81.55
71.8775
46.0475
77.47
63.225
48.2625
59.0975
40.17
72.9725
62.5
38.71
53.3475
66.7275
46.305
60.125
41.82
57.8175
30.015
43.78
65.11
72.065
50.02
59.135
49.2825
35.4625
60.58
45.01
40.755
55.9825
40.885
27.6775
36.8825
58.8525
54.6975
49.3875
63.9775
76.5575
36.355
69.1625
59.3375
69.3275
73.0475
43.385
81.59
49.22
39.06
45.915
44.9675
74.975
41.25
29.835
68.1475
32.16
23.6475
52.685
76.9675
50.5025
83.2375
68.89
55.655
65.4125
67.8325
45.2
64.8775
49.8825
71.85
59.4225
46.2275
38.8075
58.49
53.395
56.235
38.4
52.87
75.4725
42.345
67.4975
48.28
59.8575
50.5675
72.68
62.2875
66.905
43.385
51.2675
36.165
49.1875
67.9825
36.5875
82.4475
59.67
48.995
49.9225
48.7825
64.99
43.535
79.6575
41.4925
79.7875
33.635
36.2025
53.0825
48.505
51.44
41.0325
50.7425
48.7375
50.435
57.225
56.555
57.6
57.845
74.585
41.6375
64.3125
50.09
53.8275
55.34
35.0275
57.71
39.5325
79.3925
76.6475
62.2375
56.0225
53.0825
75.6675
51.605
61.6575
54.1775
46.2925
41.5475
59.315
62.595
57.78
53.4125
54.5125
48.06
74.755
55.2425
68.7575
45.745
55.505
75.4275
56.7475
68.08
40.19
59.675
59.61
55.5925
50.52
77.675
51.93
37.4975
60.1925
49.39
59.94
69.9175
67.3575
43.6325
78.4775
34.7125
59.4175
28.505
49.16
46.355
69.7325
60.605
52.74
35.09
50.2025
44.4275
51.89
51.89
86.015
52.9075
57.23
38.7025
45.695
73.925
77.1525
60.85
50.29
61.2225
22.46
36.0175
66.955
51.305
33.42
67.1525
47.5175
70.055
51.0325
65.4025
45.535
49.4875
64.655
43.175
71.3925
38.815
47.6275
56.375
39.6575
72.2775
40.4975
41.2775
59.82
43.51
50.2625
73.7825
68.0
44.35
51.795
50.055
53.2775
31.055
47.845
51.2675
48.9875
56.255
49.8775
55.815
57.8775
62.5625
60.8825
54.2925
40.735
43.8625
73.2975
52.3075
33.65
65.0475
45.33
57.1325
60.395
72.075
36.5775
53.1025
75.4175
53.3275
53.18
55.3925
69.2875
69.065
42.905
57.1
42.7725
38.155
65.92
68.5
41.5825
59.77
81.3175
64.0075
67.0
46.18
52.3675
56.1825
31.5
69.4925
38.49
38.3825
74.38
65.385
55.5775
40.96
67.95
84.39
49.5175
56.1025
40.815
68.3475
64.2925
50.6475
53.51
45.5925
54.5225
62.675
58.46
38.1775
35.62
40.8325
55.73
53.7025
53.8225
54.53
59.275
38.785
50.585
54.8425
68.77
67.055
55.585
60.0525
45.2925
44.5875
38.4225
50.575
73.325
73.2625
71.775
46.2225
34.3925
59.54
68.6925
62.845
39.7125
66.045
77.675
40.37
70.3025
67.605
70.2775
61.7675
36.49
55.905
42.6675
53.2475
27.2025
52.435
61.3275
67.3425
39.3225
50.9375
52.49
53.76
57.8525
55.1125
62.655
48.825
49.54
41.4
85.0375
58.78
25.925
75.085
50.9075
79.3925
74.0975
43.02
63.8825
73.7325
43.88
85.635
56.89
60.685
69.0975
82.5675
65.67
71.2325
51.33
71.41
71.715
59.62
38.02
65.9775
72.695
58.7725
60.84
55.74
74.05
70.7025
66.6825
59.075
44.7975
61.8
37.395
60.9325
46.675
45.82
50.0975
61.0075
49.8
46.4725
31.4175
27.095
52.71
55.7375
49.2025
70.015
44.7625
40.5075
45.0675
43.9225
52.92
51.255
29.8475
66.8725
47.4175
70.855
34.665
83.0375
67.3275
39.6225
51.315
49.7925
47.6225
61.5875
60.0475
66.485
67.515
59.17
62.8775
65.3025
50.0575
65.5
78.1825
52.83
32.91
68.9125
58.92
46.0175
54.46
44.2975
62.95
49.445
69.78
67.8575
44.64
60.5925
50.1125
41.045
75.1075
71.63
77.585
55.135
43.77
43.4775
52.7125
68.9825
56.7225
79.0425
59.7825
69.7475
55.5225
52.2825
53.1975
47.1925
65.8125
31.4275
46.4275
69.985
60.7575
70.0075
64.1625
46.42
31.52
51.6075
60.8175
52.87
52.55
41.455
31.545
66.6475
55.1125
66.66
63.72
81.3
49.175
48.525
78.7725
74.1075
58.9625
57.2425
56.8775
40.6675
33.7925
53.3325
56.73
36.265
61.8425
65.6125
75.025
38.07
52.8625
92.5775
54.7225
76.7375
63.2725
66.7325
69.0125
53.4625
74.905
47.4025
34.53
44.2675
35.9075
50.1925
65.1075
52.915
26.3475
35.2
47.2475
45.3925
58.4325
66.8525
56.1525
49.955
73.7075
59.975
50.7375
71.36
76.2525
47.71
93.2225
47.88
63.235
56.69
45.32
69.7375
60.155
40.05
48.9325
60.4425
69.4275
58.5925
62.285
52.0125
55.57
56.0575
64.94
69.8325
43.27
51.26
36.235
59.8875
58.82
57.2025
47.3275
62.4025
72.09
41.8425
56.905
70.455
66.81
69.3
41.675
55.1025
54.415
43.885
41.5425
43.7575
36.6875
50.8925
46.47
70.935
25.8075
40.7875
47.3475
82.6225
56.1425
43.815
30.6325
42.21
65.8575
63.8325
41.99
61.0825
41.655
38.0725
63.01
63.81
57.3725
46.63
36.9725
41.9875
31.9175
66.725
53.6125
70.585
51.5825
47.625
51.99
67.87
40.91
59.4925
61.2775
71.9
36.36
53.085
50.645
64.3225
42.2
39.96
63.655
37.145
49.885
48.4675
62.845
53.5425
61.735
60.47
59.0975
63.0325
68.38
59.43
62.2725
68.8375
36.7275
26.8125
72.97
53.715
42.86
60.855
73.3675
59.8875
66.2675
59.6475
43.385
63.7925
77.5775
80.655
65.25
55.08
51.9625
40.825
75.7325
51.515
76.6475
69.75
48.16
51.655
52.325
89.9575
57.27
46.1875
70.27
33.5325
36.7975
73.95
45.8025
36.4825
59.275
58.1525
52.055
57.195
34.5225
52.955
54.7325
41.3975
84.2225
48.3275
33.5625
65.9575
56.1275
58.71
55.7175
51.3325
44.5525
65.73
65.62
41.05
62.245
60.005
40.1825
33.04
59.905
28.755
67.8475
70.615
38.7475
72.0575
37.7025
55.5375
63.295
63.045
69.2425
75.8925
38.595
50.16
57.635
83.6525
56.7525
55.5125
59.0925
75.01
65.09
35.5625
63.32
42.0
63.5375
70.37
29.6175
54.78
53.9425
59.905
34.765
46.215
32.1725
47.145
74.87
65.4325
49.865
50.0925
66.535
46.9475
58.445
50.73
73.215
35.1875
64.755
46.525
42.4875
49.4525
52.615
36.9775
45.3475
48.405
60.085
40.925
53.205
65.19
76.7525
61.5525
66.5925
56.2
57.3375
66.5025
41.5825
32.83
39.23
76.6
70.3975
45.3825
82.2575
45.915
59.43
37.5325
65.4825
58.275
43.4425
50.6225
49.63
55.495
64.3375
80.3225
55.645
46.95
63.8125
70.065
30.8425
84.9625
58.645
66.3
56.2675
58.1875
48.9775
67.665
47.1575
76.4
68.835
45.4775
24.6825
48.0375
51.9975
46.6225
61.1725
65.46
40.0625
60.335
50.3
54.675
53.9575
46.4
54.5025
68.1525
43.3125
63.6525
62.81
48.6725
56.015
65.1075
67.0325
44.2775
65.245
36.2725
48.085
50.3775
27.6075
72.475
63.1775
48.06
51.4775
53.17
65.5125
52.81
53.9575
69.89
68.8925
40.0475
81.4325
67.8475
26.755
68.6625
74.505
84.915
47.9475
46.4175
41.9525
42.24
46.41
59.8375
61.3375
53.9125
63.75
68.5775
73.74
57.505
67.6375
72.7225
48.795
58.47
41.725
57.9075
55.6875
62.63
45.8425
62.735
39.2175
25.555
54.315
45.0975
53.3875
53.2975
52.83
65.295
52.7225
55.345
60.1675
73.15
40.405
38.5225
53.5375
73.545
54.875
42.03
66.345
77.36
42.645
50.7075
56.9375
62.025
74.5
42.725
80.17
63.855
59.665
62.615
56.765
61.4775
50.095
77.7975
56.2425
50.78
80.6
70.3425
48.1225
55.0925
45.46
46.9425
42.39
46.2475
60.38
48.7375
66.1575
62.9975
49.745
66.9775
49.4175
36.185
53.7325
62.0425
39.2125
72.28
56.3275
48.0275
63.91
71.6975
44.6125
51.5725
50.1625
41.1575
37.6925
57.3775
71.92
48.0275
70.62
61.6225
26.505
43.8225
53.47
54.6925
50.965
79.285
58.275
65.9775
48.3425
39.15
41.7975
40.0125
61.3475
51.2775
62.515
59.525
67.625
48.89
29.135
70.27
68.895
66.28
57.1425
73.995
86.82
59.8425
74.6875
41.4825
46.2725
52.345
50.7325
37.5275
68.0875
68.12
53.0875
50.57
77.6825
28.9175
47.51
47.1375
58.015
53.3375
65.315
61.4425
54.215
43.8725
71.385
52.685
56.095
47.75
78.19
67.675
67.31
62.38
57.36
44.2075
58.1575
64.5375
32.055
55.4075
52.185
52.94
71.9725
54.6125
48.38
65.03
64.815
64.71
54.485
54.04
68.2725
45.625
57.0475
70.0725
45.8525
73.6075
40.6125
50.7475
60.7925
42.925
73.5225
60.3225
45.6175
59.4125
52.4775
64.6
76.785
49.9725
68.825
57.865
68.965
48.885
69.8175
49.5325
61.4825
52.95
60.3
78.6425
48.285
59.01
59.9025
66.54
55.0375
31.78
45.2475
50.295
82.4675
39.445
66.7225
66.345
44.5875
76.4775
78.7525
62.95
72.4825
76.16
58.5125
58.82
79.2475
28.2425
59.485
77.815
47.095
58.2075
48.1075
43.195
42.91
49.4925
46.2725
57.4975
71.85
76.315
75.5425
58.28
33.7125
43.68
60.9225
45.705
67.8
47.17
67.32
64.4375
64.475
58.885
48.835
45.64
59.33
50.545
49.1
68.77
46.455
54.025
51.65
27.36
47.45
60.4225
41.79
49.495
31.45
51.2325
74.045
38.9075
43.66
61.3175
83.1775
45.125
37.69
75.9575
59.6625
51.315
59.4675
58.79
60.45
19.175
34.525
27.4125
72.1525
54.725
78.565
59.1275
65.7425
52.305
62.105
50.135
80.0425
38.465
35.8925
42.315
62.95
58.4225
80.5175
46.435
48.05
62.965
74.7225
53.7175
43.8075
49.025
58.3575
68.875
38.3075
46.095
52.8125
79.59
34.3925
54.07
47.3175
75.86
49.0925
60.63
37.1325
38.5325
69.1725
63.34
50.2125
38.2275
32.835
49.6275
37.1175
48.6525
43.4325
79.3075
44.0575
50.0575
79.8875
65.5175
46.7875
44.6425
84.5625
44.9475
57.7375
35.48
75.3325
55.955
47.22
69.2225
61.29
60.43
47.68
32.595
45.9425
58.85
74.71166666666667
74.37
50.1175
42.475
41.555
72.0175
51.75
63.73
47.6325
69.2475
49.64
64.23
45.3325
66.82
70.545
50.19
43.0025
51.1525
48.315
38.0825
34.7475
38.7125
60.75
60.385
43.26
69.4025
70.9975
37.7
68.7375
72.6925
26.34
48.305
65.52
67.3025
43.86
35.8025
66.5025
30.5225
64.595
46.0175
57.41
36.29
75.3075
49.8975
44.09
45.63
45.8325
58.4125
45.165
75.435
46.635
45.2225
32.785
68.8975
47.0925
46.355
35.9225
44.7925
62.575
46.5925
55.2775
56.705
46.055
62.11
46.65
62.395
68.4775
59.8475
58.19
50.43
61.7
68.28
48.2225
60.0725
54.49
50.8075
22.1325
58.475
77.0625
57.7075
64.5625
38.825
46.29
66.0625
67.405
45.9975
50.9525
71.7275
51.7275
44.53
40.23
54.4875
68.8575
64.325
44.3325
42.495
75.905
54.54
64.38
44.87
75.6475
64.945
57.8375
49.5225
46.7675
39.485
41.115
37.2125
73.4525
52.285
72.2625
62.9525
64.7325
68.61
34.7
57.5125
69.95
82.4275
37.2725
51.455
53.175
47.035
69.305
59.27
64.095
46.465
69.88
30.88
63.9475
79.33
51.95
35.4025
62.89
26.8
25.7225
65.4875
61.515
79.9875
46.19
43.29
48.4425
51.53
50.9675
56.4975
25.3
64.6225
36.1275
44.94
49.8375
67.205
46.6825
41.9525
58.01
47.235
41.0275
56.7725
45.3
56.1025
33.365
59.0775
20.245
74.4325
41.8575
47.9175
49.4125
64.7125
61.1725
54.67
60.805
39.76
35.7925
55.5225
60.29
72.455
38.13
55.145
65.1075
88.01
41.6775
78.06
47.1575
52.345
65.2425
34.7625
37.365
68.3075
50.8325
56.14
81.725
52.76
41.095
79.1525
70.11
50.535
37.6825
45.35
47.14
79.8875
53.2275
55.235
35.54
62.645
53.435
79.5675
40.5875
72.3525
52.01
49.85
69.135
42.4925
70.54
66.7575
30.4025
49.6625
66.8775
40.1925
62.3525
69.8975
40.665
55.9525
27.9925
24.535
73.3175
63.3775
58.67
54.5125
49.175
72.825
46.225
70.235
53.5925
65.18
52.2625
59.455
55.955
65.0225
69.0575
37.1975
48.5725
42.985
64.9375
58.815
59.5675
49.51
48.89
58.3075
75.01
66.8075
44.57
34.5125
62.945
44.6675
65.5475
77.495
65.7575
60.095
80.8675
49.1225
62.9775
35.4975
66.8975
36.69
62.02
36.52
57.17
62.3325
48.2175
54.1475
52.9525
72.415
45.415
60.5625
39.1525
48.3075
33.515
89.9925
32.1125
48.5225
52.875
80.9325
69.2075
41.4625
50.9975
36.5325
39.64
64.76
58.065
49.465
68.98
53.5125
36.9125
42.2025
72.4
68.0775
65.915
61.69
58.4975
57.645
38.985
61.285
59.56
42.56
46.035
57.9125
37.085
60.35
83.0525
53.905
37.4075
54.9525
63.5125
56.39
51.0225
67.96
36.345
72.675
45.8025
34.7375
62.35
40.2225
78.7675
78.52
60.765
61.7625
79.4125
58.855
62.13
37.295
83.9675
71.0275
70.7425
48.105
47.845
44.98
75.16
51.285
74.0775
46.0725
27.2675
72.895
41.4575
56.5325
75.53
68.58
80.015
53.585
65.35
47.6875
49.275
68.8725
60.0325
48.9525
68.0325
60.14
49.3425
75.7625
57.5425
38.11
64.4825
73.79
29.9625
40.79
84.9975
52.9125
60.5775
35.2975
76.2525
51.505
52.3825
33.23
64.32
49.85
70.665
59.67
67.4925
42.4475
78.91
67.9975
58.66
60.94
44.5775
67.325
70.33
67.5175
59.1825
63.72
77.7
46.24
54.5525
50.885
55.3875
65.1975
41.7925
44.94
79.085
46.29
53.0075
65.78
60.0425
71.46
55.765
73.645
31.53
51.07
66.16
68.2125
41.5625
40.33
36.6925
77.855
43.935
75.84
77.4
41.705
50.675
59.03
67.32
54.385
60.685
43.835
76.8625
42.3075
42.5725
46.78
36.4575
88.6225
48.47
35.5875
68.4125
70.4475
39.7475
67.58
52.795
84.6075
49.9875
64.2875
57.6175
46.24
40.2125
69.7525
38.4675
63.035
49.075
43.66
53.73
53.8175
61.9575
64.42
65.0225
47.8925
35.09
79.585
74.6525
36.2825
42.1725
46.0925
45.8175
43.3125
70.5
54.5575
80.125
49.7325
64.66
28.0
38.465
35.4125
63.0675
29.28
32.6625
28.1625
58.1025
34.0825
45.3725
45.425
54.9225
39.225
77.035
55.7175
43.215
57.455
58.0725
47.9975
61.8325
50.76
48.19
59.4025
51.0725
37.495
54.9025
51.4625
50.6225
70.935
32.3025
46.6575
41.575
28.725
48.965
73.6425
66.8175
75.0875
40.315
40.075
35.6675
61.3875
56.625
31.205
73.6625
62.3275
65.31
46.21
55.5875
45.81
57.855
45.94
31.26
50.415
63.105
69.95
55.545
69.94
25.9375
69.1
62.44
68.4275
62.4075
69.6075
70.14
54.5225
31.12
53.7875
47.3525
43.385
51.9825
83.6
36.875
80.0375
75.025
56.275
73.015
58.0225
29.3675
44.0475
53.66
63.5625
53.7525
70.08
53.1875
48.15
68.2275
72.74
42.255
69.605
70.375
67.335
58.0325
38.65
63.3025
62.6475
77.5975
44.7425
46.575
63.8675
63.0175
60.64
70.3575
52.68
27.6225
83.745
52.43
70.3425
63.36
60.1525
62.04
50.4275
22.4125
37.69
57.3175
45.6025
41.1225
64.535
49.7175
31.225
43.0275
66.335
54.485
67.92
73.495
50.57
47.8425
56.995
57.06
70.985
37.65
43.745
59.675
50.9
77.46
78.9325
55.7525
41.175
54.8325
39.2375
65.3925
45.7225
55.9425
75.68
68.1075
62.945
63.825
41.4975
51.51
53.385
44.6875
65.13
31.0825
63.7325
48.015
40.945
87.6075
36.31
54.575
61.055
31.1025
35.8425
48.0425
42.815
50.7225
72.455
46.315
76.1
67.195
37.2225
58.5075
73.235
69.1175
65.5225
63.915
53.6475
56.95
41.535
40.915
59.34
96.1475
65.2375
55.8475
90.8175
85.8125
65.305
72.175
58.415
34.0025
81.58
47.895
74.945
75.1675
75.8725
59.7875
52.765
56.2725
51.145
73.0075
47.085
82.265
59.845
52.2625
42.3475
54.5725
56.57
50.7075
45.2725
61.5525
69.7925
58.5475
34.1125
71.0875
82.9375
75.625
55.96
43.0475
66.19
59.9225
50.8575
55.7175
76.63
57.7825
72.23
73.29
65.705
34.9825
66.7175
40.6225
46.0025
74.41
57.0225
49.2125
39.95
45.1425
52.1
66.7275
57.4125
52.35
47.9825
41.1475
74.3875
70.95
56.7725
69.41
56.935
61.0025
41.9575
65.945
46.1225
69.0375
65.1825
60.0575
44.975
57.1075
17.97
69.215
52.8925
67.1625
45.6775
77.97
55.02
57.9175
31.8975
57.9375
58.3075
60.38
41.74
66.49
68.4
46.795
41.365
51.37
53.99
51.59
59.245
37.06
69.885
53.7475
36.5175
70.695
60.17
47.1575
66.735
63.0225
69.7175
46.8825
43.44
52.2875
40.875
41.355
42.9275
84.6825
51.9975
42.3525
29.2475
69.125
49.065
40.3125
73.51
30.5225
40.7575
61.2875
30.9625
50.9425
63.4
49.1875
50.845
61.4225
56.15
45.98
72.8075
38.66
53.9425
78.8975
57.6175
54.1675
56.6175
44.095
33.92
65.7725
75.4525
49.67
28.7775
69.4525
68.5075
50.99
72.845
58.07
46.8925
49.7475
58.0525
70.1325
52.1275
29.57
60.705
71.53
61.4025
57.195
83.175
80.255
51.48
35.485
68.865
33.805
40.8625
43.1925
48.355
40.55
35.52
53.9275
52.2375
61.435
49.5075
45.01
47.39
66.465
42.9225
69.36
56.4075
70.6825
73.2225
84.205
49.3375
70.9525
53.92
80.1725
48.655
34.1075
71.1375
66.17
47.745
86.14
45.73
37.3875
74.3025
56.6825
36.7
55.7
64.23
61.0025
61.0075
34.545
44.2525
40.8
81.13
86.47
69.785
43.7275
32.135
36.725
71.6425
61.075
59.1175
65.9375
67.62
53.13
42.1075
61.54
63.4275
38.5975
37.55
48.565
31.095
53.65
42.035
42.9975
48.1925
54.5475
32.9
49.56
58.205
55.6625
65.115
61.22
45.165
44.095
43.83
49.675
48.6875
54.1975
31.8425
41.4175
54.1075
51.3525
57.3225
36.1225
52.9
53.59
54.105
56.38
39.5025
84.675
54.2375
64.725
39.935
58.015
34.16
47.7325
53.11
74.18
27.2425
63.095
74.7725
71.8425
55.8825
76.48
66.27
50.6625
36.805
44.465
68.7625
46.725
50.2525
64.015
55.6475
82.495
60.5
76.245
49.1675
74.1825
76.9275
53.1575
75.1025
57.835
60.55
72.915
64.1125
37.675
50.7075
59.3825
54.4775
67.3075
57.17
28.02
49.085
57.9775
68.655
67.195
68.9075
59.9275
60.4875
42.3575
70.3
46.64
48.79
49.2825
46.565
52.91
56.9425
68.275
71.285
39.6325
27.385
52.3275
71.1775
79.16
37.455
33.1575
45.475
40.445
60.0175
41.465
56.84
67.8875
81.8725
57.1225
46.8
68.805
69.0725
49.1075
58.5075
39.86
46.5025
56.605
49.8925
74.7625
71.665
54.6475
58.5675
78.125
63.3575
80.3875
48.6825
62.535
75.4825
83.9475
46.35
73.4075
68.605
65.2375
79.6325
45.9925
70.9425
51.3225
56.9225
63.8825
54.3075
38.5325
40.115
64.7375
47.0875
32.6775
57.2225
72.9075
67.745
62.06
55.435
50.705
72.9125
47.0975
79.2025
62.135
53.28
46.63
40.0125
43.69
51.165
73.6675
64.8775
59.3925
53.32
31.19
34.125
54.305
56.1025
63.965
63.0375
59.085
79.14
40.695
59.3925
31.655
34.72
60.0525
56.2575
48.2775
44.365
79.93
46.41
75.0675
64.005
42.8625
62.83
39.2725
68.845
59.955
64.55
53.5775
76.12
78.54
91.1525
65.8925
63.2175
53.55
64.6275
48.8475
37.8725
59.795
47.24
38.145
75.07
54.425
70.8175
80.59
68.1675
52.4925
42.8425
67.7525
44.725
65.065
38.5725
38.305
68.3225
57.9325
71.33
42.97
74.505
56.7075
53.8075
43.4525
68.5
55.68
67.2075
80.915
40.76
57.18
62.4375
69.2125
67.6975
34.375
74.0675
39.975
56.225
51.2375
58.0075
49.3725
52.8075
64.945
41.885
48.5125
36.365
38.345
74.62
73.46
59.8925
58.3025
48.5225
65.8975
62.8525
83.03
41.3675
67.125
51.2125
59.0025
67.03
53.375
65.3325
47.895
49.8425
41.3725
61.5
53.465
74.825
56.92
48.495
81.9
50.73
49.0575
40.6225
56.9225
66.9375
52.8475
41.545
50.885
48.6725
33.685
71.51
63.5025
67.6475
33.04
48.38
68.2325
72.6375
43.165
26.1375
76.7425
47.4675
51.5525
50.6025
41.145
38.725
58.9875
55.12
62.545
53.6125
42.575
72.52
48.9525
65.4825
79.6675
33.9875
58.695
39.1675
35.7925
49.535
49.3625
78.96
75.3825
60.76
33.025
61.6575
59.485
47.7575
56.4375
63.5525
74.74
51.8025
49.8925
39.4325
64.5
51.4175
35.2025
84.5675
59.6275
84.165
50.005
59.6625
55.2025
50.5475
68.07
67.0175
63.8325
51.33
49.1975
61.0725
56.33
75.6075
36.455
62.81
37.57
38.0625
55.305
53.435
69.54
47.3825
48.7225
43.17
73.5425
53.095
67.625
61.86
44.9275
49.5625
54.6625
68.055
69.9175
68.415
57.57
53.5325
36.9325
58.5875
58.055
61.52
56.5175
61.25
41.64
41.685
48.0525
59.9225
49.18
64.2675
36.5875
71.82
44.08
62.205
46.3625
83.435
67.8025
78.3175
59.4475
44.6325
61.64
83.5025
36.4
65.905
62.4125
58.6625
43.39
39.2675
44.8325
80.29
58.6275
61.79
36.47
60.64
36.5725
73.6075
54.265
74.4725
49.805
50.97
46.74
43.1875
65.1875
47.185
74.375
60.485
59.8675
70.5925
47.2775
55.6375
68.95
65.0675
50.155
75.1125
84.695
55.305
56.2525
41.0675
72.37
66.1775
71.4775
60.2675
68.0675
55.515
73.5225
50.6625
34.4875
64.51
66.9875
48.7425
72.46
79.1625
39.575
55.275
72.745
60.5575
66.4625
46.695
61.4525
61.12
66.485
51.85
68.235
64.935
62.665
44.3525
43.73
46.8175
50.49
28.835
47.7425
55.325
66.69
39.0275
63.5425
43.4325
39.0525
66.615
74.5225
61.235
46.7975
51.3025
52.4075
50.96
70.78
63.2425
52.6675
45.3025
45.5025
62.33
70.645
50.1325
52.7625
47.9775
30.5075
46.6525
43.4075
57.8475
71.1375
34.8225
50.01
41.575
57.205
82.3225
73.0475
23.33
59.135
59.4725
26.29
45.86
47.42
75.5475
70.78
77.8125
46.795
30.41
63.2325
31.51
64.86
60.7725
41.1625
56.535
48.7575
17.625
53.2325
51.6625
27.9425
66.9975
68.0175
66.485
50.465
57.275
72.64
90.49
48.2475
77.315
60.0
67.5
74.5425
63.625
64.1625
32.715
73.1925
63.43
61.7825
41.795
36.965
70.1
65.52
60.7775
63.845
58.605
50.2175
66.6975
51.33
65.22
51.58
67.5025
59.1825
46.925
54.235
68.56
74.4125
56.05
50.37
54.8075
56.305
68.63
36.145
72.3625
74.5725
64.685
41.1075
41.88
38.2225
56.2025
45.85
57.1775
64.6275
53.5525
85.6875
65.1025
86.92
51.005
72.5
55.1775
43.295
55.2375
67.1425
65.61
68.1725
76.97
70.7925
36.0275
45.4
47.6575
65.38
62.23
54.5075
69.51
56.8975
79.63
82.6775
58.06
40.84
61.3425
65.2675
49.03
53.3125
38.8825
80.895
66.125
44.845
72.6175
56.45
54.22
47.4025
37.185
46.2225
67.1525
46.4475
54.285
59.755
51.05
76.965
80.405
35.77
47.93
64.445
59.045
34.81
42.0475
59.46
30.9175
43.3175
58.245
61.7975
52.1775
51.4475
58.1375
36.4025
56.93
44.94
63.2525
84.695
58.1825
56.43
43.1175
49.635
59.2525
64.72
60.81
42.8675
52.0075
57.4
61.9725
75.3925
64.98
53.0875
41.7825
54.5725
57.64
34.0875
39.0325
32.0575
71.525
52.7275
42.31
69.955
68.92
31.2925
65.3375
36.3425
37.7475
59.5225
57.9525
57.01
35.5875
57.3725
53.7475
49.47
36.3975
61.6825
45.55
56.1475
49.34
34.7275
47.995
55.4925
81.5775
56.005
57.0175
72.63
47.03
58.16
38.6275
68.585
41.2175
43.3375
64.505
47.08
73.6425
75.79
55.5625
44.805
46.02
57.51
58.2125
34.2225
69.3125
46.7075
85.5425
58.3075
77.54
59.825
59.32
50.5
67.22
66.9525
49.8275
80.7825
34.045
63.4925
67.2475
39.0275
41.9825
65.485
39.42
52.3025
75.355
68.59
56.245
84.7575
65.0025
60.57
64.8325
76.07
65.3775
44.3125
48.395
51.2025
42.5925
49.4175
53.495
48.8275
50.8
60.5425
76.015
55.175
49.6675
46.24
63.5
37.375
34.94
59.1875
60.2325
46.3175
48.835
52.12
36.6075
53.4275
38.54
61.9525
48.735
53.3825
62.37
48.475
28.0875
68.2975
63.1125
47.87
69.5925
73.0175
64.905
39.3325
51.6525
45.38
67.0675
32.12
77.2375
38.485
55.2925
68.8875
40.7575
50.035
83.1825
51.4825
43.9525
45.2575
71.0175
49.0425
40.695
79.995
61.575
52.2075
61.025
48.875
35.15
42.155
68.11
51.9775
38.15
71.45
77.6725
70.5725
65.1775
55.355
79.3725
56.9325
73.55
44.12
52.6475
35.9475
56.165
48.445
55.8575
67.3075
66.475
46.5725
58.83
46.09
69.4775
26.16
40.3925
49.955
68.275
53.455
44.22
48.09
75.6825
48.8325
48.855
56.055
67.705
55.15
46.9175
42.42
66.19
57.415
44.7975
41.558125
79.9375
35.6725
48.3175
67.64
38.0175
61.97
49.4275
63.7525
32.8075
48.4775
68.61
59.8975
32.585
60.3575
68.7075
56.4475
43.47
33.2
39.3925
63.7775
47.9875
51.7525
76.7825
51.035
67.615
49.5125
66.885
66.21
49.6275
34.2475
63.775
51.2675
49.565
63.555
41.405
61.035
56.2875
35.125
59.1925
59.365
55.53
60.53166666666666
46.925
51.07
76.28
74.6025
55.9
49.715
43.1725
23.065
82.23
63.9425
71.925
67.6625
43.9675
67.8925
42.0575
42.205
50.25
47.8675
69.2275
67.6925
70.665
76.1425
76.705
56.905
50.3725
67.7675
50.4425
79.1075
54.275
36.65
32.49
41.575
41.3825
55.93
64.2125
88.835
47.38
51.3875
71.125
33.0325
67.155
72.1475
42.86
60.67
45.4175
50.47
70.0625
80.7275
38.23
52.99
37.2025
35.625
55.4875
40.7825
68.2725
65.715
66.05
41.2575
63.0675
47.86
64.8125
63.3975
55.055
47.4925
43.615
53.795
55.645
38.12
36.7475
49.54
46.035
67.6375
40.7475
44.8
52.905
75.555
49.2525
58.9275
67.3025
51.435
66.825
53.3375
54.735
39.155
44.535
52.5525
56.9925
54.5025
44.955
37.11
70.6225
57.54
71.3125
76.6475
48.73
46.0125
34.925
37.5825
32.9575
74.4525
47.825
42.695
56.6775
56.485
52.1725
66.19
35.305
61.0325
66.1675
66.445
35.255
52.2625
45.6
72.7525
35.9675
45.235
62.2675
53.3425
33.8825
38.4025
67.07
63.4725
51.2
54.985
57.4275
60.5075
63.3175
45.3475
49.14
50.33
56.02
61.4725
53.5225
49.7225
64.08
55.3175
79.9875
49.6275
69.9925
58.9525
58.045
51.9375
52.885
68.135
47.135
69.7
71.9
37.0575
43.3675
61.955
67.68
51.7375
40.0125
69.2925
48.1475
50.715
56.5525
48.13
61.9075
60.285
63.5475
41.7775
60.69
77.905
54.52
32.71
71.93
37.3975
51.3725
38.405
61.34
53.9
66.77
59.445
40.77
67.4225
75.6175
49.1275
67.585
66.1025
42.4425
53.6225
37.8225
55.6875
83.315
65.5625
32.39
67.3825
53.3925
68.06
59.0325
70.42
54.3725
55.525
68.115
52.115
55.88
55.0225
59.58
48.98
46.0375
68.925
41.65
58.4775
52.23
28.7275
59.275
65.095
33.4925
69.265
64.5625
72.6275
62.96
50.1375
40.585
58.735
44.955
67.075
72.3925
70.1725
55.0625
61.4675
50.1275
63.135
48.13
45.1425
41.0725
28.4925
79.175
63.04
64.595
37.3925
47.08
51.59
45.975
72.725
55.6225
47.5575
55.2
80.085
57.03
49.905
64.4275
55.1275
45.9925
45.39
41.665
35.705
66.2425
38.6725
26.6375
51.565
70.59
75.735
37.795
72.4775
84.075
62.395
44.7875
56.025
80.445
49.88
47.7025
64.04
42.495
56.3125
78.8675
66.2625
54.7375
50.49
56.475
86.6525
45.0575
73.92
56.04
30.0475
37.8425
44.5625
26.6325
57.9125
72.86
47.3575
74.315
60.66
62.5525
24.23
68.165
64.8075
65.11
82.3825
49.4075
73.7275
36.4425
66.86
74.955
53.7825
46.2925
42.68
45.4275
60.01
47.075
41.44
52.1075
54.4225
46.825
33.29
69.835
66.135
50.59
81.5625
50.86
73.3025
86.585
49.44
56.4525
20.135
63.2975
59.97
48.3725
55.02
46.04
61.1525
41.655
51.4475
53.745
53.8575
48.775
50.23
61.7025
56.33
32.8475
70.4725
54.1975
41.485
48.52
63.865
66.635
61.435
81.725
62.26
65.08
64.3675
35.8275
28.12
53.65
65.7575
63.3575
49.6725
48.98
56.495
69.6675
58.18
71.7425
46.555
46.1125
52.945
65.24
37.5125
61.66
84.6475
57.0875
62.6625
46.68
62.0925
26.49
32.7675
51.2225
65.5925
76.6775
45.0
64.82
49.1375
49.4925
83.2375
62.2625
61.585
74.505
75.6925
60.375
65.35
54.6875
86.17
31.745
44.5675
39.9675
47.5575
43.305
40.06
45.0475
63.9
42.195
51.385
47.36
55.015
51.7075
56.635
44.415
49.7075
56.085
59.9525
57.835
71.815
32.77
64.2025
60.98
73.4425
33.2325
58.405
65.3925
52.915
55.245
43.5425
65.395
59.0725
44.445
43.015
56.84
33.5925
42.0775
31.585
55.2075
60.16
54.9425
68.625
58.475
53.4025
54.29
45.48
46.2475
49.93
28.2175
84.3325
40.2075
59.395
58.705
52.66
25.4275
59.075
72.6275
52.1375
52.095
77.025
74.71
53.8525
35.825
22.425
88.5475
66.6525
53.2
81.0225
50.705
56.125
73.6275
86.81
63.8025
71.6625
64.7375
64.175625
39.1275
54.7075
61.665
69.7125
62.9125
58.485
69.75
34.515
87.86
60.535
65.7875
64.765
45.6
71.5375
53.3125
59.9975
50.27
57.5175
44.1525
53.345
40.0875
45.84
46.265
74.0175
47.8925
58.7175
48.405
68.9
61.5575
58.5375
60.6475
23.825
53.455
43.27
60.61
39.785
66.8875
42.23
43.8425
69.9025
49.1625
72.23
37.2275
54.3475
69.9375
37.025
67.8725
55.675
55.35
46.78
59.65
50.97
58.1475
36.8475
36.5875
51.63
44.2275
32.4775
67.845
24.745
69.23
42.5575
71.7975
62.0675
64.215
36.9075
31.7075
73.79
77.785
44.0525
67.1475
49.085
45.6225
61.04
31.495
32.5825
64.4875
59.4475
51.9125
57.4075
77.46125
51.2075
66.5025
35.175
72.705
45.725
83.31
51.26
35.975
65.3775
47.7975
48.2675
31.935
55.72
44.8075
30.425
35.4725
67.78
62.0925
64.0825
58.9525
71.5375
67.2025
66.7625
69.8
78.03
35.055
45.755
59.025
40.2375
60.77
61.9675
79.7125
75.225
43.23
65.075
54.03
54.0075
35.2225
41.57
60.23
60.105
52.18
44.7025
62.4775
61.78
57.8825
60.5175
49.5725
36.8725
41.6025
61.225
51.065
55.86
62.265
32.85
78.9475
58.8225
48.5575
60.99
57.045
44.2375
45.0425
46.85
61.7175
66.8675
41.035
46.9525
65.26
63.5125
52.3275
46.31
48.3925
60.53
27.1625
51.2325
45.17
33.7525
30.32
66.7325
46.4725
72.2275
66.825
38.21
63.45
76.535
70.565
46.735
71.325
46.705
40.805
71.5325
62.8625
53.855
53.2475
71.9075
61.4375
70.2325
66.92
50.77
68.615
46.945
38.9
77.5975
45.2375
75.3725
37.145
44.8175
57.23
64.1
31.4725
38.005
78.915
51.0725
43.0775
48.425
54.27
53.1375
33.785
53.335
76.955
66.15
47.845
50.995
63.8325
46.55
47.52
36.4825
64.4975
52.805
32.755
27.5075
73.1775
66.065
55.1125
35.0275
67.075
38.6825
26.0975
55.445
26.485
46.4
72.075
31.965
68.13
65.71
64.49
36.28
54.04
59.7975
59.82
59.88
57.1875
35.0
53.03
74.2
74.6025
57.8225
26.595
44.9875
44.29
42.8175
71.33
62.9375
47.0
79.53
46.6825
62.045
70.84
40.6525
72.2075
22.2875
50.3675
61.59
71.03
64.9275
35.11
59.0575
61.39
58.9425
33.9975
56.55
47.465
31.97
67.3075
78.3
50.5775
71.4875
69.7375
47.955
55.92
64.6625
67.515
40.4375
62.93
42.69
68.715
42.0775
66.1075
54.2975
58.3025
70.15
44.55
41.5925
32.54
80.64
66.3825
27.3025
44.8775
53.2425
49.175
55.815
56.86
69.8025
36.115
49.6625
54.2625
54.395
40.77
80.0375
73.65
56.015
59.39
42.0625
73.9
62.27
66.9325
50.77
35.72
79.225
64.7775
56.5325
54.77
79.045
56.655
61.85
52.315
43.5275
33.57
59.3275
31.08
53.7275
39.4075
51.9125
59.32
80.955
75.1175
59.1775
54.3625
31.015
61.0025
60.885
36.995
55.7575
44.145
72.7525
47.6425
61.375
31.7575
31.7725
37.735
73.3375
64.8025
53.005
38.665
50.6475
48.2675
73.485
45.61
87.9375
51.5875
58.6875
53.055
74.5675
77.8525
56.4775
71.5575
37.9675
43.9825
71.62
49.17
34.6675
52.5625
38.1125
70.4
34.765
54.79
52.83
79.74
51.83
55.865
67.54
60.2225
79.96
40.045
44.445
61.43
57.115
44.278125
31.8
71.7625
74.6375
48.4
36.695
37.4375
45.04
67.0225
45.265
58.715
25.9875
48.2525
37.4475
70.3125
73.9075
89.155
62.11
50.1575
54.955
72.7325
90.2075
75.0125
59.305
47.8675
66.94
72.9675
56.115
63.21
38.69
59.6425
66.725
72.955
64.85
71.465
31.93
42.34
61.1275
59.385
43.7025
37.8625
57.465
54.9825
40.58
57.6725
77.935
49.72
41.465
94.1975
44.955
49.1175
18.3
68.09
79.42
51.3875
55.7775
54.05035714285714
44.45
75.1725
69.46
58.395
61.5575
71.7325
75.8575
61.0025
44.515
55.345
46.3725
33.6825
49.7275
70.3325
29.0225
68.7325
36.5425
74.6275
36.04
66.025
67.9525
55.5175
72.54
46.8175
67.2425
70.7875
78.45
66.6825
46.555
73.16
41.5275
61.5125
65.86
45.11
47.1775
38.7275
46.4725
77.165
59.9
47.345
47.18
40.36
45.76
44.2725
41.2325
36.87
32.715
51.2825
27.185833333333335
74.29
63.67
62.99
75.2
45.3975
59.6975
52.0825
33.7625
72.735
56.3375
63.5075
43.5525
55.47
66.5125
59.785
38.5525
43.6875
71.7475
65.7225
58.28
57.7775
66.1625
79.5525
78.0875
57.7375
76.17
62.9625
70.27
39.47
64.5325
48.3725
84.2725
40.3
41.085
53.24
67.725
31.08
65.325
37.4175
70.21
75.2675
39.85
34.5625
77.98
46.505
38.3175
35.3625
38.385
68.4825
73.0225
45.83
53.7225
73.7275
56.5875
46.245
33.2125
28.9925
54.695
38.2575
64.145
35.91
70.21
68.37
55.5725
53.2
60.3
65.965
56.01
76.5125
65.195
53.84
50.47
64.07
34.37
64.235
51.265
51.3875
66.5025
47.45
49.9125
45.815
56.0175
72.035
48.2625
74.63
42.0575
66.6925
47.745
39.55
36.0475
37.14
54.9575
33.625
71.3775
96.4
58.52
48.3475
47.3075
35.7925
49.245
27.92
27.185
60.38
69.175
33.1625
43.69
49.755
68.675
44.855
45.9675
51.03
54.8275
54.7625
74.0275
76.535
66.27
69.325
61.2775
55.4325
61.765
44.245
79.58
53.7375
62.95
50.19
70.135
57.9825
51.01
50.935
55.545
40.7425
59.71
54.13
48.465
69.375
66.2125
47.7675
46.1825
81.72
69.9375
59.125
62.4975
72.1825
70.1375
76.015
67.1225
73.625
72.5075
33.625
51.7425
30.675
62.8875
30.43
22.2525
65.945
60.5575
41.275
32.1575
59.205
63.86
52.465
54.4175
50.9175
53.1875
49.6775
45.76
42.125
40.185
51.2175
47.35
51.965
71.81
43.925
51.0225
47.6825
41.0675
33.605
72.5975
60.4675
59.91
54.79
33.795
54.1025
64.3075
66.6675
53.8625
51.565
61.8475
56.81
51.4525
72.4725
42.155
47.14
48.21
73.5975
48.435
65.66
57.195
58.3975
49.16
48.26
64.53
74.4125
37.185
59.245
74.885
51.7725
45.285
42.8225
81.9425
48.6525
69.14
47.1075
64.8025
41.9225
68.425
21.245
57.635
46.445
38.93
46.33
64.54
73.0625
53.995
84.8825
50.3175
66.0175
31.6575
77.0225
33.2025
51.9675
31.96
77.225
71.3175
48.7275
65.2825
50.7925
44.9725
73.6025
66.32
66.3775
47.98
27.23
46.3825
64.175
36.0675
48.635
37.855
52.6775
35.355
45.055
53.155
73.0725
44.095
84.5525
81.82
58.8525
54.3225
70.9925
60.2675
47.8275
73.54
60.06
61.7725
52.115
72.2225
33.395
64.05
74.1825
49.365
66.1275
45.6975
72.7425
42.85
61.555
58.6
69.0275
57.6925
66.0525
33.175
29.05
47.615
52.83
71.8125
56.24
56.8825
58.1325
46.87
58.3325
62.6725
44.3675
53.725
64.045
46.4025
60.4075
50.355
71.475
52.8025
40.46
42.435
52.3525
58.4625
27.015
49.3425
70.73
64.835
48.0
72.485
54.5525
60.79
34.7425
62.4075
34.905
38.93
44.94
56.0925
45.8075
59.64
46.1625
73.515
39.1325
78.29
97.34
30.7825
65.64
33.335
38.2825
53.455
54.3025
63.7825
37.8875
33.6625
46.7125
34.25
44.455
66.89
46.7525
62.77
65.23
53.9025
61.085
65.685
54.6975
62.025
67.3825
39.99
67.1
84.225
67.72
69.96
74.69
74.9025
39.6275
73.6325
59.6775
75.0175
59.08
35.055
69.455
46.885
74.3475
58.1625
62.1175
45.475
76.6925
64.36
52.4175
73.9
66.7975
48.6175
66.6625
45.625
40.135
40.1775
53.2
49.315
45.9725
80.4825
42.8075
61.1525
65.2525
48.0875
65.82
60.9875
38.4425
69.6175
59.5475
46.7425
45.2175
53.465
48.595
79.905
46.115
43.6825
50.995
65.305
55.025
55.28
56.81
48.1
32.655
70.715
57.6075
64.71
44.175
59.94
66.8075
50.7625
45.6125
63.6075
47.44
63.4125
64.1375
71.705
65.6525
36.235
44.28
74.695
77.08
74.6475
52.425
42.78
68.5325
57.825
58.965
28.5575
66.23
73.3925
65.8
64.58
37.485
50.465
67.155
70.4175
80.905
68.77
49.4425
35.0475
29.7175
65.6925
41.2075
87.31
50.815
72.835
41.2675
45.3625
46.685
43.045
38.5275
44.0275
75.2475
59.925
43.075
68.29
48.6325
48.38
56.2675
65.4275
39.5825
30.715
23.3975
40.3125
39.3525
64.1325
59.4975
66.1175
52.8975
87.5275
41.5825
56.915
42.99
39.905
49.3125
76.295
38.305
59.3975
64.56
59.8025
38.09
51.5075
41.085
57.4875
68.62
65.9825
57.79
41.19
61.2225
65.49
77.8125
44.095
67.955
73.7225
69.705
54.1725
48.045
47.085
51.7225
70.73
58.79
29.93
48.3825
67.0375
39.8675
57.3
31.7375
37.8075
60.735
55.8225
57.935
52.25
84.7575
59.7225
92.2575
52.6225
52.39
48.4575
60.985
56.205
59.23
40.35
58.9175
33.395
66.0525
58.4925
64.8975
40.3325
83.075
68.7675
50.3625
43.645
53.1325
80.8675
41.5825
59.4125
37.45
41.755
38.67
68.395
38.56
46.37
35.5925
51.4675
41.145
70.4825
45.925
42.8175
64.975
36.9675
70.5175
69.3325
28.585
46.48
64.7725
38.1375
60.165
37.675
50.15
49.4525
61.035
63.7975
59.0125
40.1875
45.705
60.4925
49.54
63.0125
59.5275
48.8425
53.645
47.175
54.005
44.375
52.54
40.8175
60.33
54.8275
28.1475
64.1525
80.85
66.815
71.11
36.7425
59.82
79.3775
27.025
69.5725
72.52
70.4325
60.4975
76.145
65.74
45.28
61.41
43.9775
52.8425
35.2975
44.855
36.88
42.24
75.6425
72.8075
66.385
65.745
71.045
38.7775
46.87
57.075
55.6775
76.44
65.3275
64.7225
50.85
60.47
61.73
80.4875
61.285
58.3875
77.315
26.2075
62.28
68.7225
43.895
40.295
73.4575
51.18
33.2175
37.425
77.865
49.5475
55.015
60.3225
83.9325
59.995
28.51
55.705
67.0725
54.75
60.43
82.2375
46.4775
27.5375
49.8975
56.9875
45.8525
42.6925
73.7575
79.6825
71.46
62.0925
17.715
47.6775
75.1725
64.10125
42.6325
65.09
43.1775
52.4475
60.285
50.1925
54.59
54.2625
58.1225
60.59
42.55
60.81
60.8525
37.155
36.1825
53.5375
42.515
79.37
83.6725
45.41
66.095
57.4125
42.115
47.0325
46.8525
58.165
60.33
35.1225
71.2175
42.505
48.945
61.03
58.185
66.765
75.9325
42.2975
63.4375
51.5625
56.4375
74.28
48.7625
50.6475
42.4025
64.77
68.235
63.155
74.8675
41.965
82.7225
58.525
40.68
58.005
64.8
53.72
64.965
56.8125
36.185
48.725
58.0
40.555
44.805
51.9425
74.9575
73.6725
66.865
76.7425
64.92
50.225
60.53
72.795
44.8925
31.085
65.9275
69.1875
57.455
60.975
62.275
71.9075
79.3425
56.415
76.625
47.7475
60.9625
40.7
51.07
28.7275
51.1
54.94
56.8625
48.62
63.23
44.035
78.6525
54.1675
49.625
43.6625
45.8225
48.915
61.9975
41.94
66.905
65.4375
69.1275
39.89
50.1775
39.455
51.25
44.0125
53.9275
47.6
52.835
46.9375
59.8125
43.6025
48.21
68.1425
59.7325
48.85
59.46
64.17
84.73
53.5175
37.0425
52.05
74.7675
55.1675
90.6525
78.3975
67.4925
45.185
48.5175
67.7625
64.495
75.95
84.6825
42.0075
73.895
70.1825
43.545
55.925
37.17
78.1525
59.81
57.8375
41.63
25.5475
50.5125
48.2
27.0125
69.2025
37.4275
77.845
60.15
61.3175
60.19
70.4125
67.36
55.36
47.4025
53.095
65.4225
66.075
36.8825
46.6
49.57
54.2425
53.405
60.575
64.1375
63.77
75.285
74.395
60.1175
34.8525
60.165
45.675
48.4575
33.95
53.535
61.345
43.1
83.7675
78.56
64.4075
35.1675
54.545
74.6475
42.335
70.1325
42.93
44.7
30.4825
85.63
37.305
51.005
70.185
54.3525
37.17
78.8025
51.0475
63.37
74.02
23.2825
68.0675
74.3
57.685
43.5125
60.82
35.645
37.8675
59.3425
28.855
69.74
47.4475
65.0925
52.7575
66.8625
69.775
46.83
45.43
36.97
35.2425
50.5725
85.785
76.955
54.88
61.39
72.2175
57.8975
50.0975
78.45
68.66
49.3125
53.4
62.6925
60.96
70.165
61.085
53.795
38.5375
76.335
60.5675
66.13
43.6075
45.2175
47.85
58.355
72.9075
76.2025
44.2725
42.185
65.45
67.5325
69.74
38.005
58.695
52.45
57.7725
57.33
61.915
51.8225
33.965
66.46
38.4725
62.7475
68.4825
39.7675
48.79
64.2675
48.5775
73.635
41.3725
44.9575
73.705
26.4625
59.6725
79.3225
58.67
64.305
48.9075
78.195
43.4075
67.7075
38.48
42.3625
59.26
63.4825
52.87
46.7
50.8
54.47
53.515
47.1575
68.7725
64.36
65.4475
46.7275
61.4275
61.665
22.3875
31.5825
58.535
33.6975
62.28
35.4475
40.51
62.115
61.025
58.53
33.565
61.0925
70.5675
43.04
39.125
42.775
46.7875
56.9675
61.4975
50.49
68.4025
49.695
36.555
49.3375
57.8475
65.345
64.1025
46.585
81.9025
60.275
56.1575
69.1125
53.085
73.63
57.49
41.2475
30.855
76.9925
45.98
76.5075
44.615
64.87
68.8375
72.4625
58.53
73.485
64.885
66.9075
42.425
39.655
70.355
47.435
56.4075
37.935
65.03
73.88
63.215
78.46
84.36
64.685
38.0125
67.365
54.425
25.0525
75.96
63.5075
68.0875
50.63
55.1875
64.26
68.7925
40.6425
65.17
63.69
49.0975
72.115
58.4825
69.4175
50.7275
46.8625
46.8
53.425
42.8125
29.595
52.275
36.035
65.8
62.985
53.8725
45.99
63.9525
51.0
60.5425
63.9475
68.2775
36.9825
42.93
60.935
47.1025
54.4725
49.5425
62.2225
71.4325
38.7425
78.6475
61.32
36.19
48.7675
58.7225
57.9125
59.785
67.665
70.42
35.005
53.375
51.19
31.3625
78.86
60.555
81.6075
59.7125
62.1475
67.235
46.3675
26.265
78.6075
53.7725
77.5575
41.7625
58.8475
44.3575
51.37
63.6325
37.5825
59.04
73.3125
46.5075
50.1775
64.7925
64.1725
60.5575
64.455
58.525
65.25
65.7275
34.6525
70.7925
49.405
48.76
79.5925
73.02
51.0375
55.8075
59.0175
64.255
62.34
54.8275
44.84
50.385
43.33
58.6925
36.6725
50.4775
48.8975
68.555
63.6575
50.72
62.2525
38.5525
72.6225
55.36
73.505
70.235
25.7625
71.74
41.6025
31.9
64.8325
45.6675
50.42
61.8125
46.03
39.5325
63.9975
71.425
55.21
69.375
74.105
70.2
54.45
67.93
67.0125
42.2725
59.9775
39.9075
60.7575
48.86
56.275
50.8675
59.8575
24.945
59.86
65.96
44.8675
57.1525
40.6975
52.1375
39.56
55.115
59.145
37.7325
50.855
62.4875
69.16
73.4275
56.175
49.625
36.6475
51.57
77.375
61.6725
67.795
41.295
58.4275
43.7625
83.4725
82.3225
64.6975
54.845
51.645
64.185
47.725
63.1875
68.47
43.5625
59.4575
66.2
48.275
44.72
50.8575
79.535
75.835
37.57
75.355
48.2375
44.745
66.0875
34.1675
52.695
44.1825
57.0
55.9375
71.5425
60.355
51.935
85.8725
70.525
48.53
30.245
47.985
59.7275
43.4825
51.55
60.745
61.1225
70.9275
48.5725
59.285
52.235
67.0225
59.125
41.35
44.6475
68.1775
52.8175
62.4675
45.51
47.03
73.0325
73.865
47.945
36.9275
54.7075
45.8225
49.6225
38.89
59.5875
59.6875
52.155
64.6825
27.675
60.4625
70.0325
61.5025
53.28
33.24
39.0075
78.8925
35.0175
42.77
65.0475
96.6825
71.475
53.395
61.4075
44.295
30.94
55.885
61.13
48.7725
66.695
30.8825
67.4925
58.095
40.4925
61.1225
29.7175
44.7475
59.5075
50.6825
49.285
60.27
62.3975
45.85
78.195
79.5825
57.3175
43.945
73.2175
67.275
68.305
53.7825
77.955
37.525
43.2525
75.9275
30.4125
37.6375
30.215
64.9475
69.8925
52.1575
24.7625
42.715
81.5275
57.985
56.2275
42.0775
49.23
48.87
68.235
50.7275
78.8975
56.2275
55.8925
47.0175
42.715
78.135
88.9675
51.2025
33.0825
74.365
57.03
42.235
69.535
76.14
58.5075
33.0275
35.49
55.84
61.1475
43.645
50.41
45.0875
66.63
73.8575
45.825
68.7525
81.7475
63.245
52.0925
47.825
55.19
42.8525
58.7925
43.56
57.97
61.8725
41.0225
70.18
50.0175
47.8375
54.38
39.5775
46.11
42.03
55.9675
59.6775
41.9825
47.2
80.9575
69.3575
70.38
41.71
43.1425
46.2975
63.63
65.2325
37.1125
65.0425
36.345
67.61
22.5425
38.745
55.8425
69.8025
60.42
36.0175
68.9225
86.245
38.8425
32.3275
76.0225
48.8425
43.92
37.4475
44.755
60.645
55.0975
48.345
51.8175
27.165
66.2275
58.95
59.615
50.4375
80.375
39.1625
64.73
48.2225
31.0625
70.53
65.6075
63.945
79.1925
49.845
74.585
52.97
67.07
34.875
47.39
56.1075
53.765
54.0725
32.8625
48.0075
50.59
41.4675
52.7225
45.9625
65.29
65.9475
55.2625
65.615
52.3625
48.305
73.7975
70.7875
36.95
50.4675
69.03
53.1175
44.7375
54.56
21.8175
39.015
52.08
62.38
61.2425
49.475
43.2525
47.7025
66.8075
80.5725
38.1825
65.7925
42.5075
57.7625
64.6325
31.8275
30.61
43.5175
71.1875
62.8025
48.205
72.545
75.3025
70.9775
61.8425
53.1125
71.175
41.4975
88.49
54.53
34.23
50.2925
49.775
53.88
65.705
90.615
55.495
70.835
47.785
57.7875
58.7625
55.8775
37.045
71.295
69.3275
57.185
63.785
86.6125
65.2325
26.715
54.425
39.6875
59.7825
66.375
57.6525
46.4575
49.955
77.9425
58.5875
60.18
43.7375
50.4975
21.99
38.91
53.76
32.195
54.27
35.86
58.4975
50.415
63.46
58.985
68.165
65.3675
64.53
48.6175
55.22
70.79
73.7075
42.435
77.8
53.97
78.015
71.465
40.1025
76.6325
91.195
53.1525
39.6525
26.49
67.7225
47.4125
68.1225
80.17
68.6725
83.225
50.655
66.7075
63.345
73.2825
56.1225
28.945
69.2775
41.385
37.2525
50.3425
64.175
84.2475
83.065625
55.485
49.5425
67.0825
26.235
70.765
40.3275
52.555
58.04
59.1775
45.3125
58.38
35.0725
56.195
43.7875
59.515
57.52
53.7175
57.815
51.055
52.3
58.675
62.19
46.05
62.885
31.27
30.0225
54.555
45.1925
55.1625
57.655
87.09
44.4775
60.09
67.175
61.6175
49.655
70.4825
53.09
53.925
68.56
51.1525
49.765
25.7525
69.99
43.34
66.7325
52.4975
47.1225
59.765
60.87
33.6025
45.01
57.5875
38.1775
77.745
62.6975
60.5625
59.0
41.4825
57.775
46.3075
45.8625
40.975
60.3875
48.7175
49.24
39.13
40.27
53.69
60.755
65.64
44.9225
48.12
40.7125
59.8375
66.19
42.945
64.1975
62.1975
73.265
55.15
57.18
68.6575
36.855
82.025
61.17
55.3025
50.675
63.4475
81.56
26.4775
45.0875
62.5275
53.435
42.2275
65.4175
47.7025
63.4475
71.035
70.775
59.6025
37.5175
60.1025
80.0175
69.2625
41.805
52.82
58.68
40.815
56.6425
49.61
29.52
33.0325
88.1025
41.2825
72.7825
58.225
53.945
62.345
72.9475
34.85
46.8425
74.5025
48.9025
56.2825
65.21
42.7275
79.91
28.825
57.1725
56.3225
59.52
57.715
46.145
59.56
38.79
63.395
44.7275
51.9325
63.05
60.0
55.9175
71.5075
40.4575
47.5025
73.74
81.36
59.6125
79.69
57.25
76.8175
59.6525
62.11
71.335
51.32
40.5425
65.3225
46.505
63.5275
38.7125
78.655
48.3325
34.145
49.235
66.1675
64.76
74.095
63.66
61.2075
31.2375
71.2925
56.1175
64.69
51.25
70.32875
60.0375
49.4675
51.9325
53.3625
74.33
61.3325
56.5625
39.96
45.125
61.025
64.5525
66.4725
38.9525
60.28
66.2225
57.7825
49.76
59.7175
63.5775
75.155
46.3325
53.365
74.4925
52.935
47.4225
73.8425
66.3025
61.1425
50.84
62.255
44.4925
42.1625
49.1125
31.305
67.915
55.5875
64.8125
42.5825
59.7575
58.7325
59.9925
38.3125
72.5925
53.6825
28.145
56.21
49.775
46.4875
44.8875
55.6575
69.4325
62.8675
53.955
64.265
34.13
65.0975
45.7225
56.8775
58.9725
25.735
42.5
46.7375
45.045
53.5075
68.825
62.4975
69.5175
59.4275
71.88
52.595
53.8375
30.4575
61.3125
64.52
33.7075
68.3675
38.695
69.485
36.5425
76.425
73.08
55.7975
77.335
54.7025
68.03
50.1975
55.475
30.9425
49.0375
54.165
67.5175
38.0025
48.4625
46.4075
48.4275
63.8025
35.4925
60.145
86.5975
32.5525
36.5475
49.0775
39.7525
59.3025
46.985
48.095
39.065
34.93
30.3775
45.705
38.1025
60.3375
71.87
64.23
52.9825
23.81
44.6425
44.98
41.1725
56.8775
51.1225
42.3225
54.6525
56.1425
50.4725
38.9475
49.1475
79.7025
44.1075
55.7225
66.9225
48.83
47.0
73.9975
33.995
68.7875
40.28
74.3875
29.8825
59.01
60.855
42.2625
62.705
47.005
77.8175
47.4325
75.2925
57.7925
49.51
60.2825
75.8975
51.08
81.015
58.7225
55.76
49.88
63.495
45.26
24.0475
49.365
63.2775
44.1275
65.805
69.1275
46.32
26.0575
66.5325
52.7175
74.3625
43.185
60.7325
68.5
42.4
53.0725
45.0925
44.985
66.925
55.1425
32.9475
77.5275
70.3675
52.225
44.215
35.0825
64.2675
37.2975
74.56
71.845
37.525
71.945
50.42
50.37
69.4775
53.03
47.845
49.42
51.1775
51.235
63.63
42.6825
42.02
78.12
32.7075
64.565
55.2575
64.05
69.705
43.8575
80.5775
72.14
54.67
31.7375
58.9275
77.94
25.6625
36.055
76.685
82.32
48.0025
43.5625
30.215
82.7525
51.1275
78.155
68.5975
37.9225
23.115
61.5275
56.7375
45.7475
55.5675
46.26
53.79
57.75
59.0225
45.0875
68.7875
77.3775
38.85
59.62
70.575
89.6675
51.0475
51.71
69.8975
63.5075
75.7025
64.525
55.66
61.11
48.1175
66.4225
33.4575
36.605
36.5175
43.3025
41.3175
63.6225
58.09
25.63
73.0025
48.3075
44.85
56.19
65.07
35.69
73.71
60.8775
61.9175
72.1575
54.0775
66.815
56.1
65.4875
63.72
46.305
68.7675
54.9075
58.685
46.1475
61.4075
63.8425
67.295
69.5775
43.8175
47.5775
53.4925
59.05
64.59
39.86
58.3025
28.3125
64.55
57.9225
70.965
40.9125
41.035
36.185
46.2475
51.3775
41.07
34.9775
47.4925
82.07
47.8125
58.5875
35.9075
39.7025
56.86
52.13
38.7875
56.795
52.5
72.9125
48.3425
81.5575
44.495
78.9675
67.7775
65.6525
48.0875
64.91
64.67
60.2125
55.3325
62.02
33.745
56.85
44.0
53.7725
52.8075
48.2725
41.54
57.97
40.8
56.7275
35.765
65.7425
45.6725
68.29
37.4125
59.3875
29.9075
62.4825
52.475
52.3175
32.605
42.4925
44.62
64.875
53.2775
64.12
77.8425
54.7925
56.85
70.8775
41.695
27.33
68.065
42.89
63.6875
72.1125
85.1125
55.4725
45.1025
68.9375
32.4425
41.3075
48.9225
58.0275
65.1975
54.8725
42.0475
65.3225
39.97
77.415
50.5675
63.2325
64.2375
58.285
49.195
65.9725
59.6475
42.29
64.1325
52.0825
38.7175
51.6275
63.8525
59.64
47.7175
44.4025
70.7575
65.0875
48.3625
53.7725
47.7725
68.335
43.9925
35.7625
42.995
63.5825
76.7075
76.69
63.0975
31.0475
50.7825
47.9725
52.325
65.9375
70.58
37.2375
74.1475
57.4675
53.2475
26.675
54.6625
39.1925
61.165
59.0275
34.6825
54.185
44.7075
65.8575
69.405
60.25
44.8025
59.6175
69.705
59.8875
63.725
41.63
63.48
63.74
66.8725
84.0
55.9
72.005
79.8125
60.5775
56.455
66.6425
64.845
42.8775
60.5425
64.595
56.0125
83.095
73.31
44.29
55.5275
72.88
41.865
43.1625
52.2975
31.045
38.32
56.0675
36.7225
66.4175
51.215
73.9925
55.6925
70.8875
79.82
48.1
48.915
51.1625
61.0375
75.495
57.075
73.9775
57.4875
51.5875
50.93
55.4075
35.0125
50.9075
46.0475
51.92
40.3025
67.9625
46.3175
75.6625
41.2625
57.5525
65.9725
57.9925
54.305
36.8775
60.705
54.2225
46.03
53.8
43.4375
51.0175
72.6
66.1525
54.82
64.2625
52.3625
38.975
44.6375
46.535
65.335
65.855
66.0375
56.6825
68.7125
60.6
47.925
50.295
47.9875
52.68
75.455
63.68
78.8525
78.2525
43.69
64.8075
48.535
60.1825
36.825
31.7025
67.495
46.4975
71.0075
55.505
71.975
66.2775
61.625
47.985
46.7575
45.58
28.3625
66.73
55.345
48.9625
47.35
64.8275
72.63
56.2875
65.3925
74.0975
56.0575
79.55
48.43
51.1425
36.0475
54.86
48.65
76.895
57.3975
45.38
45.605
53.06
64.26
75.6375
49.215
37.7325
26.0
60.805
50.1025
58.9575
50.6225
62.6025
65.765
58.145
38.865
72.9675
63.295
35.245
50.34
62.22
65.47
83.4225
59.37
68.0925
44.4425
64.0225
72.2575
53.6
62.125
76.785
58.585
62.4875
47.3075
48.4625
38.15
55.3925
68.92
63.015
68.8575
34.12
60.065
59.795
54.85
47.6775
61.0825
55.64
73.68
74.1375
41.095
49.4575
72.59
26.01
70.2475
34.0575
54.105
75.3825
45.2925
59.6725
57.1375
51.02
54.41
56.5725
64.51
80.565
49.445
53.3625
56.5325
48.89
53.4325
48.085
52.895
57.4875
48.285
42.6375
57.4375
64.7775
66.32
54.7425
53.115
62.915
54.5775
53.8725
61.3425
69.24
36.1175
45.26
53.2425
64.5775
46.0025
47.92
66.2125
49.895
63.55
67.6525
54.9575
61.09
71.2575
75.56
41.22
56.425
70.7625
28.66
66.0025
36.7975
71.6875
47.955
62.465
52.695
82.335
52.41
43.805
41.5475
36.865
53.4475
46.19
59.9725
52.7775
32.9575
58.1175
79.86
41.4425
67.06
53.46
57.14
64.1475
37.6425
72.8675
41.33
49.2425
52.025
46.6375
75.085
70.1375
50.305
40.1375
35.34
68.4625
49.7325
46.56
40.41
71.6975
39.24
46.4525
86.17
80.3775
51.0
69.055
67.0325
45.265
30.5275
52.4475
46.6675
47.19
44.2375
47.94
37.98
73.1625
63.37
50.61
71.68
61.21
75.96
85.34
49.5225
77.8025
48.7825
77.4725
38.23
40.15
60.2225
37.6175
66.1075
65.35
82.8025
48.5475
38.85
48.4375
50.27
60.4275
51.465
43.1275
73.8825
65.55
43.435
67.54
54.7725
61.205
60.5375
45.2275
49.0
34.59
65.91
70.74
70.0775
56.91
80.7825
52.54
75.08
46.085
66.5875
33.74875
69.5225
59.935
59.99
39.535
62.095
43.8575
81.2925
60.8275
56.0125
54.025
93.0425
43.88
77.62
54.135
36.355
43.83
71.7475
77.95
58.215
44.615
68.53
67.925
58.515
61.57
51.7975
58.035
40.3675
35.6
54.665
33.3475
42.3225
36.33
64.7475
59.1675
56.095
29.29
39.27
60.23
82.34
44.2175
53.03
71.255
56.7675
57.7675
51.71
55.6625
35.02
47.11
58.1575
63.3125
68.1225
76.945
47.5575
33.3275
41.9275
63.1
71.035
39.6575
60.67
66.5125
38.4075
34.4625
50.9425
49.5475
51.1875
74.46
50.8575
39.2
84.815
39.7925
42.435
50.6
64.4925
53.2325
67.755
49.0875
67.7175
72.885
37.445
42.0375
53.1875
54.265
50.48
35.735
46.7775
58.8075
47.24
82.0075
45.43041666666666
87.41
75.635
61.215
45.43
54.7025
49.325
72.4475
31.7575
59.56
75.865
55.495
50.445
76.345
44.73
58.4975
75.855
47.4275
84.2725
26.7225
37.9325
61.8325
46.3
44.79
64.915
70.3425
69.425
55.4525
59.0175
76.8125
48.38
68.0275
56.105
64.545
61.4875
73.685
68.52
69.3875
42.96
56.4025
31.445
52.3525
56.0775
62.5325
50.58
70.19
65.6125
85.5075
47.75
36.565
66.765
44.9225
51.19
39.99
70.065
71.1875
53.005
55.1975
70.345
68.12
35.51
50.145
56.5025
56.015
74.88
22.8325
56.32
40.4675
66.7375
45.375
63.105
55.5175
69.96
62.19
42.9725
58.1675
60.0575
45.6625
54.5925
67.49
61.925
59.84
57.115
44.84
60.905
63.325
61.7025
50.45
52.505
61.4775
69.4775
78.7875
45.73
42.455
60.35
38.0325
49.51
61.1775
70.0075
27.5925
52.6525
75.32
69.1925
67.035
77.33
39.65
48.8725
59.5375
64.9525
64.0575
42.62
42.1225
70.2925
40.3
65.67
63.8225
42.36
61.005
53.6925
61.1625
67.8775
45.3275
52.7825
39.5775
40.38
34.545
49.775
48.6525
44.0575
63.3175
54.3675
54.1325
62.53
63.3675
51.135
51.0375
60.5175
62.2575
55.5
43.8875
72.25
46.55
35.5175
42.6725
46.72
75.58
40.3
54.625
51.015
75.6175
70.3475
48.335
61.7675
42.12
44.6725
53.265
49.7925
83.6175
80.32
56.315
45.9625
41.88
68.68
13.84
65.63
56.43
45.74
46.7925
81.8925
49.67
29.1825
39.275
57.5225
47.4475
70.99
49.6575
59.9925
71.0925
43.6625
40.2175
68.825
69.6875
57.8625
76.3825
58.6475
58.475
34.2225
79.1925
59.8775
46.29
69.88
72.745
48.42
41.8225
42.125
64.075
46.7075
41.575
45.26
50.12
70.785
47.7
52.675
33.7275
64.9625
25.5425
47.4425
62.3325
70.26
46.64
53.3975
58.76
75.4125
72.2075
50.91
74.79
40.34
36.11
62.625
63.465
42.455
50.055
33.1175
68.5225
61.22
27.865
50.77
46.2975
62.0975
61.1575
69.785
58.805
72.71
58.4675
40.2775
50.6625
79.46
36.2675
66.8325
64.4525
38.9225
66.0675
61.03
67.3775
66.375
58.8925
48.72
57.8725
51.63
77.98
55.27
52.37
43.805
74.3925
40.9925
70.5425
36.265
49.4625
58.16
30.175
25.7125
63.0
62.865
62.9075
70.96
51.5775
51.62
62.8075
50.2825
43.8975
66.3175
70.0975
55.5675
32.0875
81.775
41.45
57.5675
63.9925
47.955
70.8675
49.3825
41.0
41.955
47.2475
63.715
36.86
66.19
86.4
50.245
65.3925
33.115
66.9225
78.6925
77.0575
38.4225
50.435
40.5675
69.3475
54.655
32.34
53.6725
60.275
56.805
68.5225
72.4925
47.6375
48.92
69.36
82.255
55.9925
34.485
66.8775
56.2375
66.905
81.5775
50.5625
63.71
37.9925
49.4225
57.3125
31.415
66.87
60.5125
40.2275
64.9725
51.23
61.0225
61.36125
47.91
43.465
64.2
73.2625
79.485
54.07
37.115
36.4675
43.4525
68.2325
38.47
64.27
82.905
46.775
58.6425
33.6
46.6925
36.4975
59.375
55.0975
45.9575
47.005
62.9975
47.2325
58.2075
39.425
61.2525
35.5575
81.0
84.7275
54.88
47.7275
64.8
72.9525
49.93
65.115
43.3575
72.7
33.465
51.4375
42.375
56.07
55.525
70.4275
23.17
37.065
63.6375
38.995
65.0925
39.5675
49.8975
43.1375
75.1475
49.645
31.15
77.64
51.5925
45.52
86.585
76.705
59.795
42.905
64.575
70.0575
55.975
26.2325
50.2425
84.8075
72.47
77.7075
66.4975
39.6575
64.69
44.5125
51.1825
53.29
53.335
38.285
32.475
65.7
47.5625
49.105
57.1525
48.7475
38.17
53.68
67.615
49.03
47.34
49.9725
43.4725
59.0575
62.22
60.4775
54.1875
56.09
76.3975
79.3275
29.275
59.5475
54.3975
66.4375
64.96
58.15
71.415
59.2075
70.4525
70.25
42.8525
68.4425
42.115
57.81
42.59
61.7325
69.85
58.7
67.99
67.375
63.745
58.545
59.205
32.23
45.54
73.855
64.07
51.4425
57.125
46.6025
65.51
71.73
70.8675
53.9375
32.4625
66.99
47.245
51.7925
48.5175
71.5225
41.1925
36.3975
35.8075
70.28
59.805
49.4275
44.4825
55.93
50.8925
62.5425
53.9775
71.7275
50.625
56.375
56.3075
51.8125
49.8875
60.08
61.1325
49.925
71.04
37.075
42.7325
39.2125
43.4275
36.02
49.9925
61.8925
34.5425
44.125
63.5975
47.9175
45.5225
63.0875
54.85
56.5725
34.12
70.21
35.74
58.6375
60.7825
68.3825
73.0125
67.9175
35.205
69.0075
63.65
30.2625
51.995
78.04
49.2725
65.0025
39.3675
78.2925
49.2875
33.915
24.19
31.9025
43.975
43.5725
49.3025
51.9025
72.6
44.315
60.7
41.5475
60.68
47.9175
22.1025
70.0425
61.525
71.6175
70.0325
71.115
41.95
65.965
74.54
40.2425
52.33
32.985
37.1525
54.895
39.745
48.0675
48.7025
62.63
58.9175
67.4675
36.52
55.7275
36.585
64.5875
67.7875
67.1825
54.1675
79.7675
70.955
70.58
64.1875
60.335
71.2475
60.8975
54.6075
53.4575
49.5825
31.4275
61.8325
60.3025
69.3975
50.865
84.5125
72.7625
69.025
43.9625
61.5225
42.9625
31.3925
63.32
74.37
42.39
68.97
51.54
50.7425
63.255
50.785
41.6
67.51
72.35
42.1725
57.975
45.9125
44.72
69.9775
48.765
69.3425
46.6475
44.0725
68.9925
60.6825
51.2475
37.5475
31.9375
52.9775
79.8825
55.6825
70.82
42.9475
63.7475
48.685
61.34
55.4975
45.3325
81.035
55.24
48.63
64.7175
27.74
52.3525
56.07
34.22
69.06
60.5575
41.6225
75.91
42.445
86.9575
56.665
36.0875
78.9575
60.9675
53.975
48.44
43.3275
81.145
51.775
64.2575
52.595
59.21
64.09
43.515
64.105
39.6075
42.635
53.3925
47.0675
71.83
61.6775
79.5475
54.8175
35.42
41.035
80.0875
69.82
39.9225
29.4775
59.5725
56.3
48.0425
63.64
88.3675
43.635
43.2875
27.065
78.2875
40.1575
48.355
33.615
68.735
72.5825
35.71
40.425
64.3075
59.175
46.42
61.47
69.5825
67.535
66.6975
57.2725
49.27
42.6475
74.105
39.8025
67.835
37.48
65.3625
59.27
63.9175
38.6775
57.025
73.7425
52.495
67.075
79.54
76.8075
68.525
60.84
47.6925
63.9375
58.855
50.93
47.875
67.0725
56.3825
46.13
33.25
25.0325
56.045
46.2525
53.095
34.4825
50.3775
75.345
72.7775
39.245
62.0525
74.0375
64.135
72.2525
30.3125
49.915
36.8375
48.6125
54.965
70.16850000000001
44.6475
74.735
54.6775
26.76
53.3525
66.705
38.4675
65.375
66.81
54.445
58.855
58.2675
37.77
57.3325
62.92
60.2825
63.45
54.0475
34.7125
54.335
55.685
53.5825
58.5425
41.9325
59.145
70.3525
46.095
43.5175
47.6775
59.645
59.8925
60.63
66.56
38.74
49.4425
48.985
57.81
57.92
54.1025
45.925
60.5575
43.0
84.7375
59.49
49.3575
42.54
55.375
65.16875
63.835
44.055
39.4875
70.8725
46.66
39.13
46.4075
41.945
61.6425
41.125
60.4825
55.645
46.5925
39.81
78.365
40.665
56.6425
35.85
59.0725
62.54
56.5425
65.85
30.655
31.6425
53.1875
36.37
33.2375
49.3175
71.7525
61.12
39.25
44.45
44.92
62.485
59.3025
59.56
70.305
52.0725
46.275
64.47
56.0425
28.0125
84.275
68.12
75.53
43.06
46.6925
46.5675
78.8575
68.7725
58.0675
55.24
64.325
56.4425
37.2475
51.47
63.7875
50.5275
54.4175
54.88
89.37
43.635
33.55
49.11
66.415
70.905
31.145
42.2
41.48
40.14
36.7475
62.025
67.0375
50.04
60.76
62.125
45.7725
57.3175
50.1675
24.325
53.2575
45.315
51.78
72.045
56.725
42.6625
55.255
57.345
79.68
70.89
55.3325
74.65
50.75
83.0975
51.63
40.33
57.3425
57.1275
54.3525
50.5275
63.04
45.035
38.4775
34.295
66.72
43.21
44.495
47.645
46.1525
73.395
32.115
42.6675
73.635
82.4375
51.275
60.0625
66.695
61.1075
61.9325
63.5125
64.3175
64.545
55.7275
59.66
50.0225
49.5975
44.7375
51.955
49.5625
43.3275
70.0675
42.0075
63.8525
23.9575
62.2
60.29
17.7175
59.92
42.0275
69.455
39.2025
36.5375
62.31
57.5025
51.535
66.6375
62.7925
53.225
45.4625
57.6375
36.0225
48.1525
71.4025
45.16
52.9925
41.705
25.1475
69.035
48.095
41.64
58.065
71.25
74.765
40.9725
31.775
50.8825
76.175
57.665
43.345
41.9525
54.285
54.815
43.98
26.995
49.64
39.985
62.8275
61.72
64.735
38.2975
63.38
51.865
55.8475
38.745
56.215
41.35
75.4675
42.6525
74.6175
38.555
61.725
36.82
53.9575
58.9375
43.43
26.44
56.9975
48.595
72.2025
42.3
41.1625
45.2775
67.8175
45.6175
74.245
36.485
43.3075
65.95
45.695
70.69
78.3025
54.0475
49.9875
46.395
68.9325
60.1125
77.7175
28.2225
60.6375
34.3625
53.805
22.39
57.35
40.6075
73.1425
59.7875
76.32
45.4975
60.47
46.295
51.9625
85.31
58.395
37.2725
54.5625
65.3725
68.785
51.4875
40.39
41.04
39.34
55.9825
47.445
80.12
41.68
79.47
57.575
42.7525
68.4025
47.23
69.49
75.43
69.1725
45.85
88.28821428571428
53.0475
51.2775
35.7525
47.4375
47.405
70.72
42.7775
76.8675
92.72
64.31
72.915
47.745
40.1275
67.9175
26.4175
78.6425
71.635
52.05
65.26
48.695
47.2
55.2975
55.5725
57.0375
51.9175
42.9425
54.7075
42.1475
71.29
38.985
90.58
66.7825
40.22
63.61
47.6725
68.525
54.495
79.935
74.3325
59.8275
46.57
36.7275
60.6425
58.52
71.315
68.2925
31.52
51.75
52.1675
40.6125
49.4975
80.8175
67.5725
61.045
41.2075
73.9675
50.4125
36.28
65.0925
66.405
66.1325
53.8825
59.565
63.4075
46.6575
59.13
42.3375
41.8075
68.265
71.1425
48.91
60.76
35.1575
64.9225
69.29
65.08
40.97
69.515
66.045
56.115
47.8525
56.6375
68.6425
42.07
53.565
49.895
66.4125
45.865
63.345
56.465
67.2075
37.8425
40.7275
61.705
53.1525
66.53
78.9875
47.2975
65.7775
45.88
44.4425
44.2925
65.1125
55.0325
80.6
58.25
64.4325
52.2575
75.79
47.52
76.1175
41.2025
47.4375
56.0875
42.2
48.195
49.59
57.4425
45.26
51.4575
73.7075
61.0525
32.6225
61.315
73.64
60.725
63.125
64.6625
44.7125
49.21
54.9675
49.26
53.2725
27.835
29.485
63.9
66.44
45.335
43.475
46.355
37.08
45.0675
50.5025
50.4675
42.6325
63.0025
57.1175
64.2225
50.4625
59.8925
26.51
46.75
72.005
29.2225
60.67
69.18
52.67
58.6975
49.86
67.885
63.0475
70.565
60.7825
44.4425
75.28
40.8125
44.26416666666667
53.18
40.66
37.8825
66.195
56.2825
38.6775
64.64
40.1925
68.285
76.5025
43.915
53.6675
65.42
47.6775
33.5575
28.15
50.05
57.4875
60.5725
52.935
78.02
79.0625
55.945
47.88
71.6025
46.17
47.1025
52.1475
52.33
41.3925
63.05
74.3925
31.0675
67.745
53.205
39.6175
38.875
47.45
61.0875
52.735
70.3125
60.95
62.4525
66.425
54.0325
34.2125
62.785
60.97
45.4675
61.0075
65.165
69.21
68.14
55.1575
45.3
75.4575
50.6625
56.7425
45.4775
31.775
34.7
51.4025
52.1275
33.15
62.515
56.8175
74.49
48.76
69.115
39.8925
72.835
41.425
79.4125
48.3825
62.4725
66.0525
55.97
69.94
36.9975
46.27
42.7725
57.0225
60.79
45.81
31.2025
50.2675
48.975
30.215
82.72
74.6625
71.2275
62.6125
44.78
57.84
63.8175
45.19
37.885
54.37
67.9425
62.59
54.15
56.7475
68.4725
46.99
69.99
61.71
85.5075
67.935
67.5125
76.4975
56.3775
57.0625
32.81
55.5125
41.1525
53.055
60.6875
40.0775
51.2075
40.09
55.175
42.7675
48.5975
30.3225
54.5
64.0075
55.1975
63.9125
74.8875
41.595
37.7975
42.535
75.14
71.52
41.8875
46.42
73.79
52.925
32.31
45.025
26.965
75.12
60.99
54.49
53.815
48.1625
63.195
74.6575
51.255
59.685
35.4325
42.9025
63.085
80.58
53.27
64.755
37.8725
46.135
37.6075
74.3775
62.655
34.9825
70.13
26.7675
43.1675
33.8225
59.87
76.44
74.245
53.9525
59.4175
40.83
55.58
50.055
55.2025
59.22
67.515
69.2925
53.4875
63.8075
58.425
27.9775
61.5775
65.82
60.665
27.9525
28.91
43.035
41.155
64.1125
44.535
66.5525
63.2575
58.7025
71.9125
53.135
57.5475
62.8625
34.135
48.44
48.4275
54.6425
71.155
51.5375
55.3025
44.9725
69.0325
43.1225
67.8525
35.39
71.19
52.0125
73.1075
56.4575
63.8
47.775
45.9475
64.655
49.1375
69.1175
41.525
69.41
67.3225
43.235
39.585
74.335
59.0375
48.2075
49.54
48.61
38.4125
77.1325
43.44
52.605
65.4375
44.3675
76.8875
32.585
19.5375
56.43
50.77
44.14
40.8425
57.65
44.7275
32.7125
59.0075
50.0125
54.785
59.92
46.735
48.8875
46.9975
67.3175
44.64
75.5025
79.565
84.9725
52.7375
69.1775
50.4225
36.5875
81.7375
82.56
60.8375
42.055
70.6575
71.3275
62.9325
57.8775
44.7625
44.8525
62.7525
47.65
51.825
62.2675
76.8075
49.555
71.43
64.0375
30.5725
75.235
78.285
65.72
59.64
69.395
62.2925
65.7575
40.67
57.5125
59.7325
37.2325
48.0375
54.925
68.9875
80.61
57.7675
57.38
40.865
79.2275
73.2825
53.7725
39.0225
70.2025
68.2775
61.4
51.215
47.195
66.31
36.4825
71.5075
50.455
48.2625
69.9375
71.55
65.735
78.65
54.3725
25.8375
39.04
44.8075
40.495
45.8775
45.605
63.31
55.3175
47.0025
69.4425
53.455
52.44
63.17
48.085
44.7125
56.4175
71.66
67.0975
74.5875
48.985
58.0775
51.31
38.0425
88.695
78.5175
61.6675
41.8975
17.7775
54.9125
48.655
54.415
72.9075
74.18
42.755
58.125
54.615
61.085
51.745
33.4875
67.535
43.765
78.9225
60.475
80.8425
23.2775
75.0225
51.765
74.635
67.805
75.0225
24.935
60.79
65.885
38.7175
77.5325
51.4175
54.8425
38.4225
53.8875
65.1025
38.165
64.15
62.35
76.9
48.7675
46.655
70.255
40.1325
56.9075
73.4225
59.64
56.9475
63.29
45.55
48.64
60.6725
72.6725
36.5075
64.11
70.0625
44.685
61.185
51.59
80.97
77.3875
62.445
47.85
46.145
52.435
36.13
62.45
54.52
51.8225
36.5175
62.5575
58.3425
59.97
41.09
57.49
40.1175
68.7925
48.6075
44.5975
42.795
74.47
70.7275
77.295
57.975
65.5325
53.265
34.41
68.365
82.015
34.2075
54.3725
65.9625
66.9975
52.375
73.315
53.785
75.495
54.475
46.675
29.0825
81.6325
65.5875
48.065
58.885
53.735
68.405
46.3475
57.725
43.4725
40.7925
53.7225
43.5975
61.2775
75.1925
54.625
82.3175
65.67
51.24
67.7925
45.94
51.2425
60.595
49.5875
39.2975
60.6925
47.535
43.42
70.1525
42.4875
45.4
64.565
47.1875
73.1275
42.97
57.51
66.2125
31.6225
44.4075
48.91
59.325
59.2
73.83
35.205
64.36
48.8375
75.32
69.39
36.4225
56.365
47.1325
49.4475
83.23
66.5725
56.6475
47.6825
57.2175
74.2475
76.885
63.455
25.0225
68.6
72.29
56.9675
49.1875
62.2175
53.94
51.925
31.71
55.1275
45.08
65.47
72.355
45.51
50.7
46.4725
45.8825
60.96
32.655
81.3725
60.0475
43.625
51.3775
35.84
69.28
42.405
62.1675
46.31
40.775
49.9025
70.71
49.22
49.6725
70.295
42.125
39.4875
46.7125
61.005
46.975
65.0775
37.4225
55.7225
24.925
66.08
65.56
64.435
45.7
58.2275
45.9775
46.8625
46.955
61.9475
61.0925
50.47
72.2775
58.54
40.435
80.605
75.0125
70.24
79.16
80.0425
48.02
74.0375
80.8575
58.55
30.2425
48.725
61.2275
41.925
57.6475
62.83
62.9775
76.77
68.265
44.8075
75.2575
62.8325
27.315
69.73
62.255
56.0475
80.9025
38.0875
48.915
53.595
44.8525
52.1375
53.445
61.5775
51.8575
55.0525
55.6425
74.815
71.415
62.93
63.6875
51.8375
35.675
61.415
58.77
44.5525
67.5275
69.7875
39.7925
57.8825
57.2275
49.5975
77.6775
55.7525
62.2075
35.2275
27.0225
55.095
56.24
49.48
32.9525
40.8475
72.97
56.395
70.67
58.6175
74.5175
46.8325
84.7625
42.7
50.235
60.3325
46.2875
72.82
57.975
72.58
40.8
84.815
69.5925
60.3175
69.2475
70.3575
51.785
49.33
67.18
72.87
50.9975
56.4125
40.205
58.5975
73.44
72.44
26.1975
74.6875
66.8875
65.49
70.525
48.2775
63.755
62.5025
53.5325
72.53
24.1825
56.7975
56.03
44.075
67.0075
48.7475
58.875
40.4375
58.47
52.325
59.79
47.605
49.7475
26.6075
66.3725
43.1575
65.29
48.235
55.4475
59.405
53.62
52.5825
48.4075
63.44
71.4875
35.6025
44.4025
73.53
67.4475
58.8125
56.0725
38.365
73.87
65.785
60.555
33.7775
63.99
61.72
76.36
58.12
51.3975
48.85
51.365
48.435
51.97
64.84
33.0825
47.455
62.3425
52.9025
45.65
40.7425
50.3
62.9175
54.8175
49.6825
46.79
62.495
40.5625
41.1075
54.8725
56.4125
78.5675
54.3875
63.2925
68.3825
55.1125
48.585
45.0
36.0175
29.935
49.3475
63.9325
58.195
64.3425
60.2475
73.1475
63.4475
48.715
47.3875
47.5025
52.5025
36.205
58.37
59.7375
60.13
41.9375
78.785
48.09
43.5125
30.015
38.7875
45.4725
56.2225
51.4325
49.9775
82.6175
58.185
27.3675
68.07583333333334
40.075
50.9675
69.44
59.57
66.145
68.2575
68.3275
79.9
54.0425
49.0875
48.5975
50.475
57.7625
45.7425
35.4375
45.5025
31.74
81.155
47.925
60.55
48.4625
47.955
43.15
51.66
65.0825
48.965
31.2275
63.4175
19.6325
43.2275
47.415
65.265
32.0675
58.23
57.6825
34.15
50.8725
29.505
65.9
62.525
41.575
61.2825
46.83
61.5775
44.545
41.3325
45.24
62.87
45.8225
37.335
50.6
51.8725
50.8475
42.9
66.45
56.4725
71.585
56.5425
80.4175
44.35
41.64
75.06
74.8575
53.9925
71.4025
82.515
51.435
38.575
73.7075
50.0425
37.985
64.365
68.295
41.375
47.7325
37.6125
78.4
38.36
59.72
74.4225
54.8075
57.5225
74.915
52.4925
62.0625
58.2575
74.44
65.395
68.2
71.665
80.56
36.9125
60.8275
86.9625
58.41
35.4675
50.375
50.9775
51.725
56.3925
67.575
33.3025
34.46
47.375
82.11
63.105
66.9675
58.5625
63.8475
52.0475
72.675
84.6075
72.555
86.2325
44.4075
73.72
41.1025
72.2675
47.155
51.0675
38.1725
80.1775
62.5925
43.1325
62.165
60.8775
37.395
68.55
68.6825
69.45
49.03
78.4825
49.33
53.665
43.1125
55.3975
76.585
72.955
65.1325
40.47
71.89
43.4175
55.78
44.0
57.25
44.315
63.835
60.6675
59.6025
59.07
55.08
48.39
30.6875
31.4475
39.255
35.92
51.825
35.375
69.85
51.365
42.6825
61.9875
43.185
61.225
53.02
58.05
70.115
46.16
50.3175
73.59
71.4225
72.5175
78.3375
66.7125
50.46
88.3075
67.5875
73.8475
38.465
76.94
50.885
65.415
73.805
73.9925
57.0425
37.2075
44.29
64.44
71.3875
48.70375
49.4925
66.29
64.1625
60.2725
30.235
51.96
57.42
20.0225
33.76
39.2225
46.065
47.7775
42.3425
33.435
41.045
94.2025
41.1275
41.3575
72.555
55.3275
88.13
42.3275
51.4375
55.1275
44.6025
70.7025
69.8
32.06
66.3575
68.5525
51.4125
36.4975
56.5825
41.06
77.5375
52.1
50.7475
53.1725
67.5075
40.35
52.935
47.9275
42.3925
40.0325
37.6275
37.5925
40.085
46.135
71.53
40.075
41.495
67.765
55.355
36.6725
33.8675
50.8075
36.4275
44.525
53.5975
39.6025
63.8575
45.8675
61.995
44.73
73.7725
81.0125
62.6425
52.5025
58.3825
38.02
66.5975
83.8275
56.0975
41.8975
60.1
57.9725
59.4375
48.455
49.9175
65.44
72.0425
63.83
68.41
63.8675
44.6075
57.5
42.9525
46.205
59.3575
60.72
77.265
34.3925
64.5775
61.77
47.215
22.5025
77.6725
43.105
52.6375
42.085
62.1375
35.865
60.3975
45.675
65.5875
61.0675
75.365
77.4875
76.95
53.11
68.3975
62.585
56.89
33.7375
62.6875
51.17
42.01
63.0125
61.065
46.8525
72.72
74.935
68.0575
56.495
49.8
69.8775
68.9325
31.6475
71.95
65.5275
59.43
75.5575
59.0575
45.095
54.265
69.5675
33.13
62.3625
66.0
68.9675
66.4
62.1325
35.535
74.35
59.39
62.05
44.26
46.8325
42.525
59.815
64.7475
54.46
35.2
59.1875
63.405
63.5475
54.5875
52.495
40.525
41.4975
59.595
33.685
46.65
51.5
36.9125
53.175
58.49
83.8675
50.3875
49.975
84.3425
64.7775
28.335
57.095
50.135
45.975
61.195
40.795
53.7425
41.535
28.555
33.15
40.24
63.4925
70.2075
82.04375
92.8925
52.52
52.7675
77.55
37.9325
65.11
64.6425
38.405
56.6225
38.045
61.7425
51.9425
43.76
70.2975
27.9025
39.0675
50.095
61.6025
73.6175
63.3575
54.5125
62.125
68.3175
57.41
48.4375
69.545
55.7825
58.17
62.39
34.3625
36.485
36.18
62.205
30.5375
44.17
81.865
38.61
61.96
50.4425
54.395
37.635
72.34
69.9325
50.82
40.7125
59.8075
37.7725
42.33
51.23
40.6125
53.92
52.5475
53.375
56.9075
74.0025
53.69
48.4
44.5725
61.5525
62.7325
57.9575
47.135
31.6
55.09
52.95
62.0275
78.6775
47.7275
69.515
51.3025
73.865
72.38
47.3075
70.76
69.8275
64.94
37.885
51.915
46.1375
55.2825
55.1575
45.4425
44.6925
63.2125
69.6075
28.1225
51.9
53.0925
47.095
71.5675
42.36
33.2325
52.4225
80.965
73.4
62.29
65.5
72.2025
83.98
72.9775
60.1875
62.3825
44.75
61.9325
56.92
51.56
82.3875
50.4275
35.99
79.375
38.515
28.4025
48.4675
73.605
47.9125
81.26
50.2925
37.2075
62.63
53.345
53.3975
59.0375
44.43
61.8975
73.7375
65.98
46.78
54.975
44.9075
60.605
66.3
69.2725
63.4425
49.775
45.7425
51.69
75.3475
46.0225
58.7225
39.8
58.25
63.27
37.0425
61.95
34.675
59.5125
42.0475
25.555
36.61
74.04
35.7025
34.1475
62.1
61.0075
39.28
51.3925
64.03
61.475
54.77
44.7625
56.655
59.8775
55.1725
62.655
55.275
78.0525
50.66
49.985
59.725
69.0075
69.8025
49.97
52.2
40.14
34.975
44.8425
67.0325
54.8725
46.5975
22.79
74.1675
57.515
54.525
35.56
57.9575
81.165
54.985
71.1725
51.73
51.075
44.7175
45.375
56.94
62.5
43.6125
61.9275
40.2175
64.9875
40.88
56.7125
71.8625
55.1625
70.345
37.105
58.8275
58.7175
50.59
43.0125
86.8475
41.965
31.27
56.5975
58.8
56.2525
73.0775
74.02
62.015
49.13
70.8525
62.9075
29.7
30.875
70.2725
66.3675
76.3025
74.8
64.6725
64.2225
63.8175
29.5775
58.31
64.63
61.9625
63.845
64.445
58.515
51.915
57.605
61.585
64.545
84.825
29.9025
51.74
37.3475
43.38
60.49
58.755
61.6175
64.815
47.625
45.135
38.24
44.585
40.395
58.1125
46.9175
50.0425
25.775
50.0875
67.24
69.99
55.8175
57.5025
58.2225
67.2375
71.1225
77.985
46.035
57.855
37.715
47.0625
56.7125
33.8275
47.0825
60.59
72.1275
25.7025
64.8525
44.8825
56.6675
79.925
40.075
46.115
51.3325
33.265
61.1725
63.6175
58.5625
76.53
41.7925
44.8075
73.825
45.045
53.5525
53.8325
51.205
67.6725
72.105
67.0275
70.6975
67.61
39.3
76.8125
50.255
86.63083333333333
56.86
49.77
49.4
61.1625
59.5
68.555
58.58
56.735
73.1475
41.465
77.635
40.3275
50.175
66.93
71.005
47.2775
67.9825
41.825
62.9025
82.8725
78.5625
55.44
60.57
28.4275
38.765
68.55
28.29
96.335
67.6125
52.6925
63.625
63.85
48.435
42.6875
35.3675
37.1575
44.78
58.305
52.6425
54.83
53.2875
53.895
35.7925
45.0675
27.4675
70.1425
72.425
39.5775
39.1325
58.1775
69.6425
73.475
73.2425
53.3425
47.18
57.1025
59.6925
35.945
79.0
54.2725
48.0
81.4375
64.5525
40.23
54.2475
49.33
64.7725
63.1725
61.795
47.2075
55.905
65.8275
59.4575
64.535
43.0275
40.9875
57.97
42.345
42.205
33.855
52.8175
50.8475
51.05
47.8075
61.3475
54.81
52.475
45.0225
41.7125
52.0775
66.5225
36.5675
51.84
53.2625
46.0175
55.76
60.7925
60.5
46.175
50.385
59.9025
73.3575
41.7975
27.9425
49.9225
64.8375
54.35
62.755
72.1125
65.655
51.2625
59.69
40.52
60.41
35.6375
61.3825
68.1025
49.7775
70.4775
79.675
84.58
44.3525
55.265
35.05
28.0725
39.145
65.8025
69.0775
63.5475
42.6575
45.655
43.2825
72.335
53.06
61.1075
55.2875
39.33
64.3575
46.6825
58.92
62.3025
76.17
49.9975
62.7225
37.295
70.12
69.0075
81.5875
72.3475
40.2775
49.425
40.6075
46.235
65.2375
58.635
44.545
50.6875
29.475
36.7
52.32
36.11
70.0575
91.4075
56.02
46.8925
36.7275
82.6275
66.865
30.415
51.7375
72.44
50.535
57.745
82.7375
42.3
47.7675
48.2525
65.7425
65.15
49.5875
65.1425
71.1175
50.9675
55.2225
40.5075
37.985
44.84
49.36
50.1775
46.505
72.905
61.85
56.325
61.0525
64.875
39.2825
32.3225
54.81
45.86
59.855
44.1025
71.1675
42.635
44.1275
76.5025
29.165
65.1825
48.4525
44.195
62.5825
53.6675
52.535
60.1
53.2075
29.7125
47.785
65.69
43.45
58.3625
53.1275
62.635
70.015
64.6575
85.2475
65.36
66.735
66.5725
52.6525
79.1175
41.5625
46.9225
51.5825
45.21
38.695
73.5425
52.52
71.435
70.5225
42.2875
31.705
63.7975
49.7175
59.055
48.4
64.99
54.855
80.7775
52.4075
60.21
50.4675
55.35
56.9825
51.74
49.2775
44.3725
56.1075
29.3625
67.7
45.195
38.2425
37.2625
35.54
87.6825
62.8975
73.115
65.0775
42.2425
51.035
61.4775
71.76
41.06
56.7375
51.6675
36.2075
60.8225
72.05
60.5975
59.8475
67.8225
68.14
30.9
42.8375
49.4525
70.7575
77.17
70.96
61.0925
46.2175
48.855
54.675
51.44
41.3175
47.99
39.88
45.325
40.1475
50.1125
39.3125
70.1125
65.335
45.8425
40.9325
67.6125
60.83
58.6975
68.68
46.8625
66.6625
70.0825
51.8075
51.8925
61.6225
58.1075
51.8325
41.3725
73.785
42.0075
42.37
55.5425
46.1025
71.02
39.77
27.395
62.82
25.7075
63.09
79.6575
53.4
53.385
56.8625
58.805
52.49
72.0475
52.0575
75.4675
55.405
51.185
34.0775
52.5275
49.78
79.78
49.7225
74.13
46.8525
36.7475
62.39
52.7625
54.38
65.69
56.545
73.4725
56.37
62.125
24.02
59.8925
74.7425
65.245
55.0125
47.1225
63.495
52.2275
62.6875
35.5325
45.08
61.415
74.3475
77.2175
49.3425
61.9375
36.7575
53.64
51.2825
75.105
67.175
36.64
47.6475
47.6825
56.22
54.9425
40.84
81.9175
45.0475
74.43
79.7825
58.095
40.285
72.0575
37.9
54.0975
63.81
30.5925
60.6225
59.9825
67.7675
41.1675
62.4475
65.745
56.2
43.865
40.925
54.5125
48.1425
60.01
42.925
32.58
73.505
31.5675
52.075
60.39
49.2875
70.125
48.4575
40.885
74.925
51.62
52.6325
60.51
63.0075
47.375
64.4625
51.84
62.7425
21.7975
64.025
43.3
33.3525
53.305
38.9875
30.92
44.5
57.8225
56.2775
65.25
40.14
36.495
41.8
63.4975
72.5
73.1025
31.57
38.3425
65.54
40.49
58.8025
44.595
73.555
38.5875
47.9025
38.1675
66.9125
77.985
39.1025
36.555
55.4225
55.855
55.1025
75.5775
52.5
64.995
34.235
49.69
43.9
54.185
40.05
66.2025
56.2575
64.7825
60.1875
68.4125
40.7575
63.555
41.6225
68.5325
47.9375
80.7575
65.4075
64.6775
62.13
55.78
67.77
63.62
77.9
65.99
72.1775
50.7425
69.825
27.6325
64.29
53.595
63.625
51.2875
51.6175
57.55
55.725
63.6
71.6625
79.67
81.31
62.0975
79.0275
78.5025
63.69
32.705
75.69
56.3525
48.6
61.7375
70.485
51.065
61.74
40.9525
69.93
57.845
61.115
47.76
50.11
35.855
21.72
53.8025
62.495
45.1425
46.435
51.3275
72.5675
60.3725
54.82
68.79
60.815
64.335
34.8825
45.2175
65.9825
48.4
44.82
42.2375
66.3075
63.43
67.8425
33.8325
42.02
32.815
61.025
35.525
63.1775
76.2475
68.2325
61.595
57.14
57.5575
28.5675
62.715
68.0725
80.9295
70.3625
49.6925
88.215
66.6
52.28
39.7475
71.85
55.2775
66.0875
60.9325
66.455
66.76
33.845
46.5275
59.6925
54.535
71.725
35.95
62.0575
71.215
41.48
29.9125
55.16
55.285
52.375
42.215
62.8725
72.53
44.5
45.7825
51.275
55.2675
60.8775
71.525
55.1525
47.705
61.205
34.63
63.9825
50.255
70.46
80.1025
62.4275
69.5525
63.78
79.4475
51.3025
64.78
82.3125
46.265
60.1525
26.98
37.525
50.4875
66.4575
48.62
40.61
49.325
56.9575
76.5825
36.3275
36.055
60.115
44.48
48.905
60.705
50.4325
59.8725
40.325
68.5675
60.75
38.2825
40.7825
60.9275
31.4875
42.7975
57.1725
61.22
66.4775
83.215
43.84
67.1225
48.2775
52.1275
72.835
62.525
42.3925
31.4225
66.5575
62.5725
50.935
59.9325
44.925
68.7925
46.995
31.52
32.335
67.74
62.8275
46.8575
64.5575
73.5025
56.04
44.0525
72.3675
72.3275
75.9825
75.2375
52.595
51.52
44.92
68.84
64.0575
54.2425
66.3675
34.69
68.34
72.1725
58.165
42.7025
68.86
42.3
52.215
32.0275
39.3175
64.7425
62.46
92.4975
26.2625
88.5725
59.24
50.4225
44.0825
52.62
61.205
69.7425
72.6025
65.005
69.8825
29.0925
74.7175
60.295
36.4725
56.1575
50.4175
30.62
49.51
63.46
27.6925
55.885
66.1175
44.3125
63.7225
64.5225
44.0725
51.425
63.1925
56.7375
51.0225
51.725
51.6425
61.25
46.4975
57.025
34.955
84.06
58.1275
72.9525
51.3275
37.96
40.4875
42.25
52.6825
46.8
72.32
44.4325
45.845
74.205
62.0525
73.4325
68.68
78.4575
49.5225
64.1225
60.6225
72.6575
44.07
72.7575
58.395
67.5
81.655
74.9525
60.855
76.145
58.475
43.655
78.38
70.2425
31.2375
63.9725
56.42
66.245
69.0325
61.36
73.7525
47.155
77.215
59.605
70.775
59.57
52.435
68.515
79.46
39.3025
51.025
81.73
51.885
70.61
68.865
43.0175
67.275
56.9375
48.445
51.0725
71.485
31.9975
60.2775
45.2025
67.9075
42.3575
49.4625
44.315
47.8275
46.0075
69.7
38.7775
89.81
50.3725
28.21
38.785
70.6125
53.3925
58.5225
44.0375
42.79
46.7675
42.355
62.6225
73.55
40.2375
57.6875
44.915
75.425
59.84
48.5475
66.8675
54.59
37.3025
40.56
67.67
46.215
71.54
35.5725
55.575
50.0175
57.65
42.8
57.2975
52.85
56.205
67.645
53.5825
83.87
50.12
56.77
57.7675
18.7
47.9625
66.5575
47.44
48.4125
56.915
42.87
75.6425
55.8675
61.6325
67.4025
40.5325
43.0125
63.06
59.5075
75.335
50.2425
49.9575
71.155
66.2275
58.305
67.425
63.475
46.8725
68.31
58.375
69.025
54.285
50.24
55.4625
46.5375
52.895
57.0
54.9825
58.1125
25.9325
59.2075
55.8175
36.5275
72.365
79.3125
73.975
66.9575
75.745
44.43
39.07
74.78
62.065
32.51
44.9775
51.4225
73.59
49.58
68.8925
83.38
73.155
63.065
49.8775
49.595
51.8025
61.6875
54.83
65.9925
59.53
49.3725
35.58
54.165
52.86
62.6925
61.0925
62.3125
50.69
60.66
51.6375
64.595
57.7325
64.8575
46.8025
71.8175
53.68
70.1825
58.5125
37.38
64.6075
64.335
46.2125
64.065
53.1475
63.165
72.98
53.4475
58.275
68.4725
65.2725
55.6075
64.015
52.2575
53.2725
37.645
48.7825
59.985
50.4425
65.315
32.645
64.2025
46.935
45.25
67.47
59.2325
83.95
63.515
70.4775
59.3275
39.655
69.7775
45.815
64.05
26.24
52.06
68.0175
77.0825
62.6625
35.64
63.565
50.415
44.0175
37.5675
31.1875
76.82
24.355
49.115
57.4175
37.7475
50.5525
27.6875
69.7225
51.325
47.3225
52.2475
41.9975
65.63
52.5075
37.3525
53.1275
70.015
44.0825
57.175
41.9125
33.8225
49.8975
79.07
72.725
50.585
27.215
73.915
17.0575
68.3375
48.1575
56.52
58.95
69.6675
42.2225
42.0525
46.4925
69.0125
62.8
51.045
52.175
40.245
58.675
68.9025
62.3175
61.1575
60.9225
54.4525
74.9775
69.085
53.7575
58.455
59.9625
53.2275
68.1825
67.05
72.7125
56.0325
53.7725
66.9175
43.9525
44.005
72.375
75.32
50.52
40.64
75.525
44.3875
51.5325
26.88
65.13
76.0925
57.3475
70.2125
58.01
49.0525
49.3625
58.2925
76.0775
79.055
27.42
45.9075
64.3025
51.7875
55.7775
87.245
56.31
45.13
56.2125
76.8375
78.7075
63.3775
51.54
62.345
66.7675
66.1025
75.6775
61.2425
48.66
75.42
55.79
49.695
60.985
68.9025
49.4425
62.83
58.48
37.9575
47.96
33.085
56.0325
51.8375
68.6725
76.9425
65.6275
69.06
77.8625
44.6625
52.1025
58.6175
80.03
45.835
49.4675
34.4225
64.945
51.99
51.73
49.455
46.9725
67.6
40.63
55.955
76.3475
71.8275
60.5975
43.4275
62.225
40.9025
42.985
72.5425
30.08
53.905
71.14
66.6125
42.305
47.2275
46.6325
29.385
54.18
60.585
42.885
45.0025
55.99
59.7675
67.4925
53.2375
63.8425
78.2725
56.455
63.4025
56.5975
64.9525
46.285
31.575
72.1625
74.6025
51.3
53.37
72.4525
68.47
39.575
75.5125
45.65
64.9575
42.7925
66.435
47.1875
48.86
62.0125
38.5775
37.345
58.9925
40.565
64.0725
58.7325
50.9475
32.0875
71.0675
63.32
61.1925
65.705
63.91
87.6925
41.185
67.105
63.535
36.445
78.8425
40.7025
61.93
53.5075
43.865
75.85
71.845
56.495
51.0675
39.16
64.4375
66.4575
56.395
36.7275
55.34
45.3325
51.1225
75.3475
32.0675
70.87
61.59
66.435
66.895
37.5075
72.0775
39.655
75.0225
52.41
67.4575
73.315
61.0775
76.8675
81.94
60.125
78.075
74.0925
23.025
75.955
65.215
61.215
50.055
64.5275
54.31
64.895
43.2425
66.5575
67.4475
55.1125
36.785
54.69
41.2375
56.475
61.0175
51.9525
53.45
50.275
67.4875
47.2025
75.6
45.4925
51.845
60.19
32.8525
56.6575
61.0325
39.2175
62.1625
45.4925
39.2075
68.085
44.815
42.955
52.6325
57.945
81.915
45.9
56.1975
32.9025
65.3175
34.1775
51.23
72.1925
39.33
63.9625
47.46
43.8075
62.955
46.12
53.0025
60.0725
73.185
56.86
61.7325
22.165
48.52
63.025
44.54
47.1775
29.3775
56.655
42.31
52.6025
66.425
34.495
36.37
52.1775
72.11
59.635
68.205
62.93
44.3225
30.0275
48.9325
76.7
76.3575
40.335
57.9725
77.2
47.675
54.925
64.53
35.965
73.4275
63.34
31.7675
64.3525
55.205
66.82
48.87
53.0775
34.315
58.27
73.1025
56.5725
65.4675
71.4425
46.6275
77.3475
45.735
40.5775
43.7325
46.0325
48.905
59.2625
59.485
54.835
63.955
50.235
76.42
49.3675
50.055
59.865
63.2125
74.2275
41.7025
48.3225
70.86
83.61
42.0425
58.5725
56.1625
59.675
85.7825
65.005
58.055
39.1025
72.33
56.05
45.5825
48.3625
63.6425
65.095
32.9875
65.4575
57.355
77.39
54.7075
72.8925
28.395
58.2075
37.505
37.39
35.74
49.16
40.965
39.9225
49.9625
49.8775
38.295
64.5975
60.235
78.27
67.66
41.295
65.0025
58.4825
40.2675
32.555
56.2775
65.05
34.0325
47.135
37.76
50.345
45.61
80.865
34.565
65.495
67.385
59.4325
54.01
70.01
66.545
35.5675
68.18
44.4575
49.41
59.575
47.985
58.1275
79.92
51.49
55.35
35.9875
41.705
57.2775
46.585
72.68
72.105
78.9825
64.63
62.1275
55.555
40.945
50.4925
63.5325
70.6075
58.1825
30.3275
73.605
45.91916666666666
61.045
43.895
72.185
27.785
64.8125
54.6725
52.17
56.5225
59.0625
52.495
74.98
57.7725
51.56
65.915
61.435
53.6325
53.65
43.9225
65.175
48.425
48.1825
70.1575
62.0825
81.445
57.4575
68.1825
53.3625
66.9425
40.125
50.4975
63.2325
65.5
37.445
55.1375
44.93
62.4275
60.655
74.4075
73.975
65.085
51.5275
66.155
57.2475
66.9725
41.09
73.5825
71.9225
64.51
68.29
54.765
52.81625
55.1525
76.1525
41.98
54.07
33.4775
44.82
75.21
40.82
46.7675
50.06
68.475
62.24
43.0225
45.4975
72.1275
41.855
65.585
55.69
64.3525
64.0225
56.2275
85.985
64.59
64.1775
55.415
51.9425
74.025
30.81
53.41
67.9825
56.3125
42.665
75.7075
68.505
69.0575
76.8725
42.7775
29.3775
73.92666666666668
53.0575
59.865
70.65
66.025
58.3675
67.42
70.85
38.5375
50.51
61.5825
75.3275
32.9075
79.92
71.405
43.415
55.0175
29.525
43.32
48.72
73.2475
63.1125
68.9825
40.0525
51.7325
51.16
55.1325
74.5575
48.5675
87.045
55.065
58.595
61.92
61.6175
32.9025
67.5475
79.15
52.1675
39.7625
62.31
46.8025
50.2825
63.2075
46.705
50.6925
58.31
49.5925
51.51
42.95
39.4025
46.59
47.835
75.17
64.525
75.035
60.4
72.7475
38.0075
38.795
38.285
70.12
43.1875
46.2225
82.3125
66.925
38.3425
26.905
73.56
68.46
59.1375
65.145
47.6275
67.6275
43.255
63.275
65.0325
38.7225
41.7
86.075
41.7225
58.695
60.805
49.55
53.515
39.73
68.0075
51.9175
49.0425
55.865
39.365
76.7125
56.3075
52.025
44.1375
75.225
63.99
51.875
30.5675
55.395
47.945
63.565
50.4075
46.1875
57.26
71.4625
81.2825
70.245
56.19
37.1875
51.9225
30.8525
49.1975
69.3675
73.8125
74.1475
67.3675
54.72
49.325
47.03
75.0875
72.6075
66.825
65.5375
83.965
72.75
59.155
55.4025
41.255
60.285
65.7575
43.975
59.9225
60.8475
65.455
34.9975
29.65
55.59
63.4675
55.19
40.6675
69.375
66.455
43.405
59.48
22.2825
36.445
54.9675
59.675
49.2025
62.3675
41.3925
66.73
57.525
52.39
83.08
43.54
70.775
70.505
87.975
47.3725
72.3025
69.94
44.4525
49.18
58.0075
63.4525
77.7125
44.8425
52.8825
45.2075
63.785
60.2675
53.04
28.805
40.1475
74.0175
39.245
68.5125
44.885
51.21
40.89
60.695
65.6425
43.275
52.415
40.3525
53.46
27.0575
57.19
45.195
69.3925
35.73
51.465
62.4525
46.6325
57.3875
50.53
49.135
91.1275
37.5425
38.785
46.605
43.825
50.7725
41.345
71.2225
44.6625
54.75
55.9025
68.1575
68.6825
45.845
54.7025
60.765
49.1525
45.6275
68.9075
60.0575
80.5425
53.6775
33.3175
60.8625
60.195
52.115
25.6475
53.095
60.5
70.14
46.6525
58.1975
60.205
79.495
34.3575
70.625
59.8275
69.1125
48.3875
51.92
51.3675
75.09
61.9
61.9
74.1875
78.2675
66.0875
57.9975
66.3025
48.245
51.995
66.0325
41.9
50.3925
41.6775
52.5175
65.445
54.425
52.455
54.3325
59.7075
29.9025
52.74
58.69
40.27
39.45
79.6
22.9125
58.24
43.9125
88.1275
54.1325
50.215
55.005
61.715
57.6725
44.2875
42.1575
67.5425
12.8825
32.8825
67.6875
37.445
55.405
57.4475
52.8275
53.3225
71.4425
39.7375
71.9675
66.835
54.605
63.875
47.9025
53.6725
39.465
62.435
81.24
48.71
38.7725
56.1725
53.08
53.5175
66.245
45.135
62.3325
39.4025
50.1025
65.24
54.9125
44.465
71.715
70.8625
73.84
48.835
49.57
46.895
49.905
76.575
34.195
54.3
65.725
54.3375
53.8075
36.765
65.5475
43.21
58.185
35.735
52.02
63.4025
59.2775
50.885
39.915
54.7175
55.7725
58.2675
61.0675
70.2675
77.5775
57.305
68.7775
45.5225
48.0325
54.9275
32.545
61.66
44.2925
56.245
45.8325
61.1675
38.43
31.0875
36.1975
54.69
51.0925
55.33
52.765
62.715
60.01
54.4925
41.845
61.38
44.9875
73.03
41.28
64.245
60.165
60.6075
55.72
64.355
41.9625
47.6
48.1125
65.59
44.6925
82.105
70.24
72.04
66.8175
69.3025
72.1075
38.3125
47.4825
68.765
60.4125
73.71
80.15
34.2825
29.6125
63.7925
56.485
57.585
37.4275
35.7175
64.8925
40.3725
32.6125
51.3225
58.78
76.51
64.3825
58.1175
64.125
41.5875
70.345
47.215
56.3475
42.1625
65.8625
53.26
50.6575
50.2575
61.82
55.9975
58.2175
54.135
43.7825
35.53
59.4375
68.82
31.645
28.515
52.9675
72.7125
43.7175
71.68
77.005
60.6925
49.335
56.3775
82.8825
57.42
72.755
56.7975
38.6975
36.2125
63.295
46.985
50.175
56.6425
46.4975
38.485
56.75
56.9675
32.1075
65.15
45.5
26.905
51.8125
42.4225
67.54
67.4525
59.3475
68.84
64.4725
34.515
77.5875
87.6825
65.1625
51.4675
57.1175
59.91
28.185
39.6425
43.3325
52.9225
27.3425
64.0825
56.3125
65.7725
47.6
77.825
65.1125
50.3075
44.83
50.6175
42.9475
48.59
54.165
62.6325
53.0625
46.25
60.4825
79.225
34.6675
21.1625
65.695
45.0275
33.395
63.28
60.09
43.035
63.33
46.49
52.9075
53.3
35.5525
56.58
21.8225
46.3675
78.1425
46.71
47.13
60.9775
26.6125
35.98
51.725
75.325
50.5375
49.015
88.545
58.0875
74.9825
51.8425
57.45
43.975
59.5475
63.275
45.45
62.115
55.2825
47.9625
66.055
70.9025
39.59
64.065
46.105
66.0975
53.0525
55.2525
41.9525
51.9225
46.1675
30.565
60.71833333333334
80.18
49.41
42.01
47.7475
58.4275
75.0675
24.6475
54.205
57.115
37.0675
67.2525
44.2975
41.415
59.055
41.035
83.765
46.255
52.465
63.565
56.2425
48.4
55.03
45.3425
69.995
49.4775
64.28
55.5675
41.21
50.1375
45.8275
51.1525
41.815
80.915
42.485
64.4925
35.055
66.32
70.485
59.615
54.6825
57.6725
89.4175
61.25
49.7
56.48
48.82
74.88
46.665
57.0775
46.845
57.515
42.165
52.87
89.52
47.57
79.8595
73.62
60.2875
80.555
41.115
53.1525
52.955
51.4
55.005
27.99
79.8675
35.945
51.235
81.425
47.5225
69.27
74.2975
46.9725
49.93785714285714
50.945
38.435
79.645
40.2325
56.805
42.6125
52.205
60.34
40.825
62.515
44.655
56.5
52.4475
61.73
59.16
32.9325
30.1475
62.475
26.2725
69.2375
34.475
70.7225
40.905
81.04
42.4175
55.715
44.1
82.5325
69.085
42.155
54.6025
56.6425
53.0525
54.0475
66.0175
75.5125
72.875
66.105
49.8725
27.8475
74.2775
54.35
54.7425
36.2375
61.075
64.2475
36.5725
70.0625
61.875
74.525
42.0625
61.3825
69.2825
33.8775
50.23
78.52
73.0625
62.915
45.98
77.1775
79.3625
30.73
55.275
72.8775
69.3275
49.0675
57.0425
66.16
56.7475
32.33
68.0725
51.995
60.0575
60.5175
72.5775
57.54
55.28
51.675
72.295
46.03
68.105
44.9875
57.3175
63.6125
33.895
65.0225
32.58
54.205
84.3275
60.32
48.26
29.3775
64.115
51.3
42.5725
62.35
77.0925
67.39
47.52
46.805
29.7125
61.76
61.1325
45.45
58.09
57.1125
45.7775
46.29
46.25
67.4125
42.1075
53.9175
75.135
31.7425
42.2275
60.4025
73.185
39.9225
68.2525
70.1425
45.93
32.11
59.6175
54.7075
55.445
45.92
74.5925
56.1775
50.0925
24.975
52.7
57.23
63.6275
48.6675
40.7325
51.3175
46.36
65.1975
32.5125
49.89
59.23
47.5075
55.375
19.19
82.795
55.225
60.7425
67.3225
30.2025
56.1675
63.805
34.1
45.0
31.2975
60.49
48.3725
30.0375
64.9475
60.18
52.63
73.5225
70.505
42.0475
65.31
53.8475
78.1375
55.12
46.32
78.955
52.2625
61.9875
51.1
36.7075
50.1825
57.165
63.835
79.795
40.2225
58.4075
42.7625
52.095
25.7425
54.8975
70.7775
50.8425
52.48
68.91
37.445
59.0475
43.935
75.58
74.9875
69.665
73.425
47.2325
55.125
90.2225
51.6125
66.5725
40.4075
55.8975
61.165
49.3275
35.6325
61.09
79.8175
47.965
46.7325
57.9675
44.46
50.7825
70.5525
60.95
62.89
30.8725
41.335
67.065
49.0625
45.93
35.42
40.1825
33.56
59.35875
50.5875
51.315
70.8525
37.6275
57.4425
64.4625
58.9975
60.03
56.37
39.88
31.925
59.615
80.8675
47.3275
64.0875
55.4525
45.9325
60.1275
57.225
47.005
62.9625
50.5675
48.75
65.815
46.7075
54.4875
49.94
66.21
61.04
58.095
61.61
34.995
61.085
51.5575
45.7725
77.4275
33.58
51.7075
40.4375
46.425
47.115
42.9625
50.4975
33.2075
44.42
43.715
58.3575
56.81
56.41
63.635
67.455
36.9075
75.035
56.54
45.7975
74.6875
41.1525
65.565
53.13
43.185
50.4675
72.225
51.2675
40.455
42.5
76.4475
52.9275
74.23
52.4
44.39
49.97
42.6075
70.9525
46.1975
50.0475
69.8775
76.76
51.15
39.2225
43.7775
55.565
66.275
50.4575
63.2375
41.3725
59.1225
61.81
61.7725
55.09
40.395
41.125
41.7425
67.885
41.1225
61.385
71.945
62.32
70.915
44.46
60.0325
55.0125
42.5575
55.3375
50.545
61.9925
56.49
43.9825
71.0175
72.6
53.645
57.055
58.965
27.44
73.595
67.3625
49.7925
68.4175
49.84
63.835
70.2225
84.3875
65.3125
44.5525
55.6475
55.65
58.7175
40.4375
57.2775
62.5425
35.0
70.29
53.6675
50.96
53.17
49.4425
63.7675
76.87
71.7775
35.6225
59.1325
41.05
55.805
50.825
51.0575
61.88
64.3675
63.595
37.2075
45.5525
60.715
45.6775
68.3775
73.345
73.525
38.095
51.175
57.7925
72.7875
47.34
77.0725
40.325
25.775
58.7675
55.48
37.79
69.2925
58.3125
39.3675
43.13
31.69
51.4275
35.2325
68.985
45.975
40.995
57.2575
62.7575
67.9675
76.8825
55.9225
72.23
61.705
53.15
57.73
41.225
47.625
69.5125
64.12
41.225
44.29
76.8525
55.6525
57.695
62.12
54.5775
62.1525
67.3475
70.35
69.4475
70.315
44.66
58.3025
33.806999999999995
33.3575
66.9275
62.6825
50.19
52.6325
52.295
65.475
50.895
53.125
53.2775
61.73
81.883125
64.9925
46.5875
36.72
55.025
61.7475
63.315
62.45
56.32
58.46
77.1125
69.115
70.005
26.69
29.775
51.5225
27.065
35.78
66.4625
62.98
72.845
73.925
46.3325
55.07
63.4125
64.0525
47.225
58.8325
36.675
65.315
48.23
44.6825
49.83
73.895
90.5125
59.4225
74.795
81.49
42.41
60.3675
67.9525
45.3425
59.995
67.405
56.925
37.87
34.1
59.505
62.17
52.5075
49.7475
63.41
47.4875
50.4475
54.61
49.3375
58.72
32.7175
81.3725
46.4475
68.7225
54.04
55.5625
52.6
66.0525
43.9875
72.0325
67.9975
29.6
61.4975
42.845
50.38
31.0975
62.01
64.22
68.33
51.6
55.08
51.99
69.665
57.2825
37.5175
51.0575
50.1175
67.9525
46.6625
35.7375
49.6425
37.86
41.4875
58.675
36.1125
53.05
42.7475
73.67
60.8275
68.7
48.145
47.0275
49.44
75.714
76.85
59.2225
66.7875
67.97
49.1375
68.1525
43.3125
77.9325
69.645
75.6
58.0925
48.3775
71.775
74.7625
44.2225
67.4575
69.87
49.3975
70.745
38.2825
61.69
64.525
63.8525
75.4175
60.695
49.95
54.86
42.49
43.6875
54.1225
58.2725
40.4675
62.2175
48.535
58.975
36.4475
37.195
55.465
66.8275
43.5725
82.675
64.1
47.39
46.5275
37.7475
46.945
65.995
50.95083333333334
46.3475
71.1375
60.5525
68.8975
68.09
42.4175
67.9575
83.33
52.1875
36.505
75.9825
38.345
63.2775
39.905
60.63
32.1525
68.7475
30.8225
50.72
28.515
75.06
62.375
34.1425
56.9
84.4925
87.83
41.34
51.33
61.705
70.545
41.8575
70.71
56.67
63.425
54.895
36.88
42.865
71.1825
81.9
37.7325
47.7975
87.5225
71.9975
69.01
52.21
43.6225
59.94
52.7925
57.4575
46.21
67.34
77.4075
61.875
70.2625
61.49
59.6825
35.155
48.21
73.83
70.725
50.5075
56.35
33.205
50.1075
53.9225
51.53
42.4025
33.1825
46.0225
60.9225
45.2075
51.1625
65.83
67.8375
74.1
31.735
49.515
30.96
61.635
50.825
40.325
61.975
37.3075
65.4175
69.6625
47.1125
42.3775
70.5175
66.05
74.43
61.085
44.505
41.665
68.405
47.755
74.155
46.34
59.0125
60.665
34.0675
55.7775
42.2325
60.47
50.42
65.94
38.335
64.6275
43.5075
61.07
41.9175
50.605
58.9075
70.0275
38.4925
71.3125
69.4075
77.8775
53.2525
57.535
54.1625
42.585
63.285
50.7475
67.7975
49.2
52.8475
71.7275
60.0025
44.415
72.9225
45.9125
24.555
59.0475
39.2275
32.295
80.625
57.965
60.0875
33.8975
69.225
70.695
70.995
35.035
48.3775
60.9225
45.47
62.8425
67.7775
78.7125
56.4725
57.4075
53.2675
56.7925
52.2925
48.2675
51.5175
67.9325
42.1625
58.6575
72.1975
49.8325
67.5225
44.0225
55.545
59.3175
73.5725
51.6075
36.8325
58.9375
68.96
69.9975
45.015
67.99
53.21
63.24
46.4225
53.2775
46.085
68.215
56.415
50.2
54.8775
62.3425
56.9425
53.9525
62.6975
42.3025
73.835
42.3275
73.2375
78.195
40.79
42.9375
45.945
70.15
46.64
42.355
31.9175
51.2225
39.8325
50.4675
20.4075
36.595
69.2175
49.2675
73.5075
42.1175
41.51
75.1075
50.06
46.04
39.62
39.1925
79.07
55.7375
46.1125
70.7425
49.54
24.7875
38.555
38.495
32.585
47.025
69.6675
59.5325
77.4925
47.5725
18.7875
48.485
51.6775
22.905
62.86
49.7525
83.2325
88.935
31.1975
57.505
50.445
34.9725
63.58
64.6525
49.1875
58.1
34.57
53.6275
38.6675
38.3975
49.035
67.2675
46.775
54.69
45.095
71.915
39.9975
25.5475
88.925
56.9925
45.6925
40.58
52.1575
64.325
52.61
60.47
72.9825
69.23
35.9775
33.535
69.3525
73.335
57.34
68.555
67.3875
64.9225
73.3425
63.635
41.0675
47.4675
59.545
56.1725
61.3975
53.0425
46.3575
43.6275
50.4975
59.7825
40.6425
70.665
42.605
37.555
55.47
65.895
74.6
79.555
80.085
41.2475
57.95
62.4375
25.25
63.225
38.85
53.245
48.8825
50.8475
39.5725
36.405
60.23
78.73
58.7325
45.355
66.2325
56.4275
69.37
57.6625
52.8625
66.195
66.235
86.075
55.3125
83.8325
73.3625
60.855
53.0525
68.275
41.99
41.2575
67.36
61.11
44.55
75.285
50.5725
31.9875
40.3
75.6025
50.6775
55.85
45.63
64.74
73.635
61.8
89.92
66.3975
73.7775
64.13
62.505
60.81
26.3525
33.7275
49.98
60.6675
54.48
56.3
41.7575
68.6925
49.18
75.1825
37.4375
44.62
51.3125
76.7
52.235
47.085
22.5825
60.43
45.0825
46.465
54.4825
60.8925
49.3175
36.135
63.745
64.3775
61.82
69.245
47.3575
67.2125
43.4625
58.6525
57.2125
49.385
65.1575
54.3775
69.7925
66.005
63.8875
55.575
84.21
53.9325
33.3725
58.36
62.84
55.485
66.995
43.8925
37.635
61.3775
44.1725
74.0075
53.4475
49.6125
30.9025
48.4375
67.265
56.5125
73.64
56.575
54.51
68.9375
56.0575
27.47
49.8
50.3625
50.8875
59.9725
62.4725
53.23
52.9175
45.305
77.13
44.845
36.09
64.7725
72.225
61.425
61.1325
51.21
40.645
62.915
57.085
71.1275
73.9825
56.125
29.0925
66.3825
43.505
63.5725
62.0525
42.03
50.905
33.5925
55.495
61.0925
68.1775
49.99
67.3075
54.5975
58.8025
53.76
39.54
28.86
36.2675
35.5375
72.0825
54.5875
46.38
65.4475
35.3175
68.4525
59.0375
57.865
47.9375
53.455
48.6925
52.1575
46.33
40.665
43.4775
58.435
53.7175
58.2575
79.4475
68.3725
36.5825
77.7375
60.7525
75.2825
51.2775
55.81
67.6675
46.365
50.245
36.5825
52.1325
36.9475
33.6375
40.8
35.645
55.3675
47.765
55.4775
67.2075
73.5225
48.615
32.47
71.32
41.84
47.975
56.315
59.6575
32.705
46.0025
37.365
52.6975
35.655
80.5675
51.3025
50.6025
56.4175
72.0575
45.95
68.155
68.8125
67.1875
38.165
56.9275
46.365
51.815
39.18
40.8425
71.52875
74.8875
62.67
75.7325
33.135
46.08
52.825
57.536
46.2625
79.5625
48.93
72.88
31.16
63.17
58.095
51.955
63.6925
73.3625
50.3475
85.185
42.17
34.1675
75.7575
66.11
67.865
43.4075
69.4975
50.175
50.0225
58.785
55.29
69.73
45.5775
75.1925
33.1125
44.02
51.0875
60.69875
46.4175
67.5825
45.4425
47.3325
89.9975
66.3725
52.0425
58.345
62.485
70.6775
66.6875
49.1475
48.1875
33.47
36.7725
62.0325
53.67
55.1525
34.6275
39.3875
56.5175
23.92
44.64
60.4275
42.15
55.53
41.74
58.3425
59.7025
37.4475
59.0825
45.215
71.0475
57.3125
69.7875
59.4725
48.215
54.345
61.595
37.5525
39.63
62.7575
50.8625
42.8575
45.0275
49.2975
49.5775
64.56
63.595
41.355
58.3125
31.34
32.37
64.9575
43.0525
52.6
39.835
48.76
41.5025
63.7175
41.4175
62.1975
59.0025
68.78
73.9
59.5775
71.0525
39.8825
52.255
53.835
84.5225
56.765
72.4825
50.0025
41.405
43.0075
59.1475
68.0975
69.285
70.81
65.225
46.635
45.6925
63.6575
38.5025
78.45
54.5925
33.34
52.245
58.4875
49.5075
53.45
67.3025
49.025
28.5775
59.4675
23.5975
73.965
55.03
60.285
69.7275
71.2175
92.675
61.185
70.095
92.8025
34.73
62.6225
58.1325
61.73
44.725
70.91
30.895
41.9925
44.295
52.4925
40.05
44.815
47.4275
27.29
80.4125
48.1
44.91
83.535
35.8575
64.475
68.225
66.5975
86.34
49.7125
61.0
39.5925
55.9175
77.2975
41.005
67.96
62.2125
62.22
57.1375
87.9325
59.6
71.46
53.235
32.9425
61.44
27.925
61.5625
49.54
36.25
41.0975
72.2425
36.28
56.425
49.5675
47.985
61.4325
53.11
58.1625
36.8275
61.64
43.1725
24.3075
70.145
55.475
26.125
49.9075
58.7175
57.6025
23.3075
68.6
75.3575
52.8
34.3625
59.555
75.9825
65.2875
69.4175
35.1275
80.4475
50.645
83.465
67.0575
51.5625
69.3225
69.8975
44.9975
58.415
50.305
61.29
53.09
73.11
48.525
45.0675
45.3725
60.6675
81.6925
44.8075
45.9925
65.7325
62.5725
35.45
63.55
64.23
50.24
52.4875
85.535
28.635
73.15
70.7925
50.95
35.63
49.565
55.7
50.0425
81.5175
72.905
52.93
55.0825
55.1425
42.2075
66.66
45.3675
55.85
56.005
32.1425
48.445
52.4025
47.3925
65.655
19.0125
65.555
83.0975
46.5325
50.6675
76.8825
36.515
63.9125
61.5175
61.0675
45.06
59.7325
31.675
45.9425
45.305
72.035
80.4375
44.61
50.02
44.76
64.53
68.725
36.045
44.4025
59.405
49.2775
35.3375
60.23
27.55
52.4475
46.5425
40.6275
52.8925
39.3925
68.0325
49.9025
53.2425
69.6525
70.62
27.25
57.6975
75.5175
42.5325
61.925
56.9875
51.46
69.11
66.42
79.605
71.7725
60.635
62.085
41.7275
43.28
69.355
57.065
58.55
42.745
68.63
57.65
47.23
67.675
51.6875
45.6475
59.415
55.19
63.01
25.8775
47.9225
61.055
47.0525
44.1725
51.885
37.5075
43.92
73.605
48.97
58.955
28.6425
68.645
56.09
45.8225
37.67
68.845
63.935
71.295
38.42
61.9325
63.2425
69.8325
50.725
50.085
48.5125
56.2525
86.8875
41.115
36.5525
45.7925
38.6125
45.345
70.285
75.835
78.12
69.185
52.0125
50.35
87.9075
50.205
36.9075
74.405
25.825
71.4175
60.1475
56.4925
67.8875
54.2325
53.4525
48.1
85.195
50.5325
77.055
59.11
27.3375
78.8175
63.04
52.4525
58.6125
70.705
52.265
56.74
80.2725
73.3225
42.105
65.07
54.24
74.345
49.9125
67.9625
71.5075
43.4825
65.47
63.99
69.43
50.605
57.16
47.375
63.7775
62.83
63.655
54.9575
56.3325
67.235
57.595
74.38
42.59
69.89
35.8975
54.7025
47.6075
60.045
17.91
56.2525
36.54
75.6375
70.01
42.4475
77.1
68.2725
63.83
64.4475
61.805
74.785
35.9575
59.85
49.4375
75.315
50.315
53.915
51.43
66.575
64.73
35.3725
54.8025
83.4225
54.1175
64.7025
76.82
20.2825
82.3575
73.6875
58.205
70.9
58.5625
79.4125
32.3075
59.6525
45.185
76.25
64.7525
68.1275
45.555
38.775
57.2825
68.7475
31.8375
47.5425
64.3125
44.325
42.04
52.73
36.6275
65.0175
68.165
65.0375
37.2375
47.81
55.4275
77.0675
69.425
46.2125
46.6625
42.38
52.9875
17.6975
45.5
76.22
58.595
42.5175
49.02
40.0375
44.765
44.345
66.635
87.96
73.6775
46.305
44.875
42.26
58.3675
37.6325
37.135
74.91875
54.1325
72.995
47.59
66.485
67.75
69.505
34.5125
28.115
43.1925
27.35
33.28
77.37
56.29
66.82
68.0075
66.4725
67.365
74.2075
76.74
55.5625
38.63
48.6925
66.45
70.3925
60.8525
51.9975
73.3075
65.5875
49.3375
52.12
66.2975
52.605
42.1525
63.3825
64.155
59.38
43.0725
54.395
50.6525
54.6275
36.965
34.26
34.2
45.7775
61.63
50.67
38.86
64.07
72.8725
57.1525
27.03
49.32
36.4
47.2175
77.525
43.8425
65.72
82.565
46.63
33.985
60.26
50.18
51.48
48.7025
50.0375
62.5275
53.92
85.81
56.75
49.1975
36.03
50.99
54.69
74.3075
60.3625
41.4375
50.685
51.8625
67.4825
73.1475
69.2325
65.38
55.1
69.7325
57.1
72.3775
36.415
44.4025
42.9575
70.0075
74.57
59.925
55.95
51.56
52.5975
74.0125
56.995
64.03
64.07
28.765
45.3025
68.9
54.6525
41.2925
80.52
46.1225
37.8925
66.445
41.1925
40.5625
72.9325
45.0975
65.2575
67.2975
45.045
64.0325
28.6975
66.455
68.3075
64.5575
40.7775
48.125
36.88
42.39
68.3725
60.685
63.0775
75.1625
53.055
61.32
71.8975
71.4425
37.7175
65.75
32.735
68.92
54.6775
70.0175
67.7175
63.22
79.1
31.3175
41.7875
51.0975
64.19
55.475
41.4325
56.065
42.2425
55.03
62.16
43.2425
41.7075
55.9475
65.5725
51.9275
60.0775
61.79
62.8175
35.955
62.745
56.6925
67.08
62.2575
69.44
30.99
44.7025
51.8075
69.9525
62.7775
39.9275
40.73
80.13
62.77
54.2275
64.7425
34.255
60.24
58.6725
41.01
39.895
62.8875
59.375
80.9775
72.0625
68.54
38.18
39.73
68.2875
53.415
44.0975
46.6925
57.5075
69.9575
57.015
73.1925
85.4075
52.655
57.245
45.16
67.9175
67.0075
41.5475
35.67
43.32
44.1575
65.67
40.4625
44.1825
42.27
48.055
87.305
63.735
75.74
56.065
56.9175
64.22
54.245
45.8775
52.8425
50.3125
76.6225
62.5825
43.1375
62.09
70.41
51.315
46.8475
41.0725
62.935
47.0725
46.5
36.565
65.255
59.48
38.7275
62.875
33.05
30.05
51.3
47.43
76.3625
59.6775
51.44
42.8075
51.75
40.385
82.74
66.6125
40.805
69.2925
69.9275
30.51
74.0825
48.6825
50.1225
69.95
55.595
54.7875
49.4075
83.6275
67.7575
60.62
67.9675
36.2525
58.7725
54.37
45.7575
35.73
48.03
44.3
44.81666666666667
41.6275
57.795
59.3375
69.0075
46.7925
61.955
65.98
70.1075
41.4475
49.615
43.54
43.9775
38.5275
54.6175
21.45
64.67
40.0625
53.35
47.0425
51.5375
53.92
77.9475
61.1475
78.525
55.75
71.4475
55.015
41.1975
71.7175
44.3975
49.75
43.3425
48.185
46.985
49.4925
73.095
46.3175
45.62
49.0175
53.93
56.0075
69.9525
63.3475
55.485
59.905
27.4025
44.6425
26.85
65.365
77.415
71.945
60.0575
62.73
63.845
53.315
31.4975
50.805
51.39
37.0475
64.9225
60.58
50.465
55.90875
56.7
58.05
77.16
52.13
75.24
50.02
46.2575
63.2725
43.97
58.8
58.63
50.4325
68.2825
36.055
43.5875
61.0975
35.425
64.7075
45.06
46.6475
24.0625
62.835
35.895
51.0975
88.4125
69.775
46.3775
55.11
73.7925
65.94
37.545
67.6375
55.005
41.9825
56.6375
69.83
69.5775
60.9175
53.2775
51.04
69.795
23.97
54.345
57.095
39.1575
55.925
42.1125
50.93
64.5375
48.4675
43.64
52.6875
40.5525
36.29
58.7825
56.66
66.255
65.76
57.425
27.055
46.9275
53.7475
79.3025
47.275
50.235
50.46
47.1825
48.175
82.3525
50.5625
47.915
41.7425
60.555
41.225
86.3225
35.54
63.935
44.36
64.8925
63.1375
36.505
45.0175
60.8975
59.695
52.5875
74.77
53.375
63.0325
47.9325
81.9775
48.27
77.65
49.1525
37.715
65.0525
46.6375
60.8575
63.18
49.25
50.825
61.4675
47.3525
63.2275
46.5825
63.385
75.3825
49.6175
54.8275
48.075
84.4
34.7375
65.5075
88.9125
38.7275
67.2925
43.8425
36.3575
41.5575
65.11
56.435
46.14
46.68
68.5725
48.4625
56.3175
55.885
47.6325
51.895
41.2375
80.325
64.565
71.82
61.905
51.6975
50.76
56.5025
62.55
58.08
71.605
32.79
57.9325
62.6225
63.9875
64.2875
82.57
45.5
48.24
47.375
82.33
74.8175
62.155
64.5725
47.1575
83.0875
50.29
64.535
51.45
78.145
44.0225
55.64
61.0625
51.0925
47.865
66.405
37.5125
50.7225
58.275
60.45
40.305
60.3025
44.4725
83.275
31.4025
61.6225
33.3325
73.0875
43.245
46.9075
47.755
84.825
71.1475
91.8475
58.59
76.8575
38.5625
51.02
38.11
63.76
43.2575
72.7175
91.84
66.4125
49.3675
23.1325
58.355
50.3475
31.0225
72.485
72.2425
46.12
39.14
60.8625
67.0525
45.29
74.4875
51.845
72.5075
69.1525
56.1075
42.0125
69.943125
47.2425
56.55
45.015
52.1225
62.165
41.7875
69.3625
48.28
63.29
51.71
52.98
50.275
50.2075
60.5975
67.495
66.5875
55.345
84.8075
51.995
73.545
67.68
59.49
76.9
60.9725
49.395
71.66
57.0875
51.56
45.6025
50.26
48.2325
31.6275
61.1075
44.1925
51.8025
65.0775
50.32
61.735
60.24
68.1125
33.8625
79.9175
47.175
59.0775
61.47
73.35
66.65
59.2775
70.555
60.8925
76.0375
59.785
61.2275
34.04
80.105
55.1
51.59
43.225
60.33
28.135
60.125
50.2775
48.46
56.3325
50.595
62.8425
51.14
60.7475
62.7575
53.36
72.03
34.4525
29.4225
50.9825
56.9825
75.8425
72.3525
78.14
81.3725
40.915
61.5725
51.205
49.735
59.9725
61.4675
61.13
48.23
33.82
25.89
40.0025
70.99
50.775
54.515
54.5975
76.06
37.58
60.1
53.925
47.83
34.97
74.315
65.0775
24.0175
46.665
45.0125
54.68
65.7425
38.785
62.535
46.43
42.155
35.02
55.135
59.685
52.45
72.7475
70.535
51.0275
78.7725
53.3
35.5625
54.4725
47.07
33.515
68.8075
42.3925
56.2125
64.5975
57.545
57.145
58.965
59.455
36.44
61.6075
70.4175
85.2325
51.4375
60.2475
64.35
53.85
73.7975
60.2075
52.8325
21.6775
60.375
68.5075
68.66
53.23
53.9225
70.9625
55.5975
72.76
58.2825
43.905
64.3425
42.5175
59.7875
68.67
45.5525
69.0025
76.0675
56.5025
63.9325
52.1925
69.935
48.2375
50.33
43.645
62.1875
65.305
55.03
55.095
76.655
46.6325
51.0725
40.9175
50.1875
59.5075
41.7525
60.0925
50.5225
65.145
45.7775
46.315
69.5525
67.875
44.42
53.0175
54.2175
33.5825
76.6175
53.065
64.135
50.7425
51.6525
31.91
56.3525
33.48
33.83
55.395
60.905
41.735
59.445
48.2075
48.255
40.52
55.545
66.5625
45.675
81.8675
42.6125
58.025
51.7825
52.2925
55.505
62.91
46.675
51.985
72.1725
55.41
37.4525
70.7675
46.555
70.345
61.315
49.8475
80.6275
81.1775
48.5775
92.5025
51.005
55.1125
43.2875
68.4475
70.2
47.5
45.2425
44.09
35.2375
54.735
52.3575
54.9225
53.9625
49.97
73.32
47.06
37.8675
57.205
60.7775
55.44
63.77
64.06
67.165
62.945
57.93
74.915
43.005
64.28
53.23
38.97
68.03
69.0825
72.73
77.5725
35.9775
42.8125
40.0975
43.7275
70.4025
78.2425
41.1275
47.5725
70.375
56.1025
63.4925
28.6075
66.4525
64.4375
27.63
64.8425
49.9275
57.8125
67.2975
44.655
52.745
65.475
52.4575
34.6075
56.1975
71.095
41.595
44.6825
28.39
69.0575
66.9375
54.445
51.695
47.2775
91.07
50.91
52.8225
54.115
76.05
64.0675
35.4975
49.015
64.3
29.75
72.645
38.255
36.4075
59.7
79.815
49.2325
60.5475
54.555
80.2675
49.11
41.6525
76.9375
67.9425
56.7725
51.9625
25.4075
46.5075
31.595
64.2425
78.165
75.96
64.0075
61.715
68.25
56.5225
46.665
72.4925
50.4875
63.815
35.78
45.1175
50.9725
72.29
62.9625
59.12
67.435
57.405
71.7825
70.1375
72.025
62.13
45.9225
46.7425
51.825
41.0675
88.6
46.955
46.9675
85.43
46.595
69.97
49.465
63.4575
65.0975
67.9275
62.2975
39.125
41.21
70.4325
68.6475
63.5475
86.955
36.81
59.2975
43.5775
95.44
46.9975
38.91
60.5075
50.82
59.0175
54.9375
56.6475
54.7625
43.335
45.4975
82.3375
61.88
63.055
58.6525
50.3975
68.7475
70.27
43.225
50.2625
71.56
80.375
53.7675
48.7425
50.0425
43.9225
54.6775
69.84
58.6
46.185
43.3325
35.615
50.0325
67.63
47.795
26.85
57.185
57.87
63.0075
54.435
34.92
66.555
48.385
67.72
22.57
46.9775
54.07
35.88
78.34
52.75
47.88
65.87
52.2075
46.62
69.1825
58.285
52.0275
63.175
49.835
59.7325
42.125
66.905
53.7675
58.01
47.24
53.925
80.63
31.49
72.48
82.3325
85.885
44.1275
62.7525
62.6225
76.1975
50.4125
72.0875
42.23
56.7625
59.885
74.02
67.2975
60.1325
44.665
62.7625
49.805
45.04
42.6575
55.07
72.4775
77.59
47.055
78.99
32.7675
58.88
43.4975
29.835
64.23
44.525
35.97
56.3075
59.81
61.95
60.135
70.8825
71.875
55.5125
60.07
63.9275
69.5775
54.11
41.7025
63.2425
73.2975
58.3475
56.0775
73.86
59.1675
44.4875
59.7025
68.5525
52.245
63.3425
94.665
59.97
51.805
47.24
93.055
46.59
78.1375
44.61
53.2825
50.9475
74.5725
42.85
62.705
51.515
19.625
56.0375
38.5
38.9775
46.1275
50.055
66.1875
71.005
47.3175
27.885
50.345
59.9325
81.7925
62.8875
42.37
38.0925
32.2525
79.005
28.755
37.950833333333335
64.8825
64.715
50.55
28.4475
66.8525
65.7725
48.8275
40.4425
38.74
53.87
17.4525
26.8425
62.09
73.44
61.235
62.4775
37.8175
47.1625
48.8275
34.5375
39.185
37.8875
66.2225
65.8125
65.8625
53.9225
70.3325
67.4725
35.36
72.23
50.5025
32.475
65.0375
73.56
63.855
59.895
35.2825
33.5825
49.9275
59.7975
62.9875
50.2375
65.665
49.1475
73.8125
67.6025
45.5375
37.56
72.5175
50.305
83.92
57.86
55.57
56.075
46.425
75.3725
66.21
55.19
59.1625
49.435
84.6625
49.77
64.895
63.3875
48.11
50.8525
64.965
62.1775
31.0175
71.5325
67.9075
53.0525
36.3175
72.4575
54.9475
61.1925
86.43
67.855
59.0
55.585
81.305
63.0675
62.82
49.84
72.58
39.15
68.985
40.6375
65.405
47.5575
45.4525
44.42
49.0075
66.53
62.3775
64.2425
41.6375
74.955
47.8475
36.23
70.7675
43.125
51.0975
60.285
48.27
75.4375
55.555
49.355
35.8975
64.715
44.0325
40.885
47.7325
68.8575
69.1925
75.4875
41.525
80.1175
56.3925
37.79
43.2325
34.355
19.8275
83.6225
65.2675
54.3225
52.975
56.74
31.935
34.755
38.0075
56.875
34.0425
52.8525
80.7025
46.97
39.8325
48.135
59.6325
45.015
62.665
70.72
57.2925
43.37
40.22
33.2875
49.3
72.9975
77.095
65.4375
51.095
36.09
84.6725
41.465
59.92
45.5625
40.125
44.47
52.4575
75.4
61.67
62.23
67.76
40.3725
51.4525
57.2
68.9425
57.2725
72.6525
40.6875
72.1125
64.4125
45.6525
43.3425
41.825
32.9725
44.35
62.9075
36.07
56.495
53.6875
38.295
60.7125
83.055
51.8775
80.7875
80.205
62.59
74.465
51.4075
72.4
67.075
82.0625
44.8825
30.9575
41.9575
30.3175
52.3775
73.835
53.5225
35.635
47.3575
69.39
47.91
30.6475
53.035
64.5825
63.64
51.415
56.1075
29.69
54.5125
76.035
26.18
78.0525
55.3575
64.97
58.385
67.4925
40.0125
74.6075
49.765
74.4675
32.0925
53.1975
60.8625
57.7225
59.425
83.6925
44.6075
44.2825
61.0175
47.9975
48.005
38.24
46.1975
38.8875
57.0475
51.2625
63.08
49.685
56.86
49.8425
46.3875
58.1625
27.9175
53.845
48.205
53.345
55.8375
71.8475
68.445
39.4325
75.535
58.9
46.675
66.2125
59.635
43.04
67.19
62.535
52.1725
70.055
44.7975
75.5475
52.68
31.515
72.095
54.815
36.7975
47.335
44.055
55.355
47.0475
48.35
78.6275
38.515
46.9525
51.3375
67.48
59.4375
33.645
47.4375
51.28
47.8625
48.195
45.2475
42.935
64.7
51.5575
47.4775
67.62
78.0225
56.4975
35.1125
43.5575
64.255
49.8675
58.89
57.2725
57.96
75.6025
43.1425
79.75125
36.535
62.7375
82.8475
41.6425
53.77
59.3875
60.7225
74.5325
47.06
28.33
67.86
60.0325
68.9
63.5125
53.0175
76.5275
54.325
59.095
55.46
56.495
71.6225
59.27
45.2375
68.4525
40.11
82.87
58.955
47.54
52.11
53.4725
47.755
34.575
54.7675
57.165
71.42
61.0825
33.835
40.655
61.2125
57.075
34.0475
49.795
52.035
62.7975
56.125
40.96
65.255
38.29
51.42
67.2825
60.4175
54.3375
32.52
58.8175
73.44
46.07
21.695
66.595
70.87
61.985
41.545
45.8075
70.035
44.7575
57.29
63.3175
44.415
69.23
61.1675
48.35
77.25
66.3925
39.4875
52.965
53.7925
57.735
61.34
71.1625
50.49
30.36
67.085
56.65375
51.57
56.9075
61.15
36.41
16.04
83.8725
53.32
53.5325
72.2
74.5825
63.3075
70.4025
59.1325
65.3175
55.75
36.7525
56.8775
60.1025
69.9325
39.1675
50.2325
72.835
44.9875
57.8675
73.8525
36.945
45.98
34.9675
62.2675
74.5925
53.995
73.2675
78.9575
66.8725
87.79
46.67
43.9725
64.7125
47.8175
69.2525
40.8825
45.9
60.655
67.42
62.165
70.625
48.05
55.445
52.975
32.7775
62.4375
70.46
53.9
56.3525
54.5725
41.485
55.8625
70.5425
82.665
66.0425
46.8725
24.1525
47.59
52.6025
65.605
35.32
75.6525
68.1475
46.275
66.52
42.29
60.105
63.6375
36.4425
52.28
49.9875
42.77
42.2075
59.1025
41.64
52.36
55.9725
43.03
40.325
42.4925
53.5175
49.3475
28.65
90.14
49.3925
69.29
62.14
51.655
57.76
62.445
58.4775
49.795
33.55
45.3325
47.915
48.275
51.485
80.8525
65.8125
51.645
63.9
32.12
54.205
64.1025
53.0375
47.5675
37.665
61.645
51.7825
27.545
51.55
70.3075
51.895
77.605
69.8
51.985
67.4875
53.6925
73.9225
46.63
45.475
41.915
38.675
57.8975
56.2225
40.2325
68.595
43.605
55.9475
77.615
45.995
50.7575
38.96
60.8575
59.4475
60.96
55.255
22.515
45.4975
74.8375
65.075
56.41
54.56
66.47
50.9825
45.6625
51.64
57.73
56.725
50.7775
71.3325
74.3225
43.0775
41.34
27.565
38.805
59.0775
42.32
34.8675
65.6375
51.325
36.255
78.5
49.915
54.59
65.46
41.0625
47.2575
71.31
36.2225
73.9475
56.0875
62.555
47.5275
54.4625
51.695
45.175
42.1625
62.6625
30.9475
70.45
78.595
64.04
80.28
53.69
73.23
63.115
65.465
40.7475
59.2175
75.0975
59.2275
71.7825
55.2125
37.9975
48.81
61.4775
47.18
58.0925
70.2225
76.57
50.9025
48.7425
85.5
36.8875
64.88
33.1675
71.61
60.4775
56.835
33.7825
66.5525
48.525
65.5925
47.6525
61.1975
58.2475
60.5875
47.8925
73.0475
82.245
70.5425
49.665
47.1875
51.4575
48.8525
29.8075
48.56
89.695
43.9875
78.38
53.28
50.83
56.92
46.16
56.555
67.185
48.4975
54.4725
42.18
63.41
47.61
50.835
70.945
82.575
58.7725
46.8375
69.625
30.01
32.595
51.3075
35.56
56.355
83.68
53.0875
66.3175
46.665
57.2475
56.29
83.5675
59.4275
32.9325
57.9975
74.7175
80.08233333333334
59.5725
53.605
52.2875
92.8425
27.21
83.1325
65.77
79.48
30.745
32.09
66.825
44.6475
61.61
74.775
64.4075
58.72
43.08
60.635
25.1475
59.165
65.8975
57.35
64.725
57.2625
42.415
47.465
52.19
81.1475
54.255
70.015
53.415
60.77
64.54
55.095
57.995
61.4325
70.3175
31.535
51.4125
33.7025
70.3025
66.375
70.29
68.66
47.9825
57.855
35.1
67.56
40.9325
40.78
48.635
47.7875
66.975
76.24
62.3575
54.1425
35.255
76.21
53.875
54.665
53.6825
51.88
62.5475
82.96
54.165
64.7575
54.285
64.64
55.98
39.82
50.315
65.7775
58.5275
49.8625
70.4775
65.675
64.11
39.625
55.73
63.5875
52.1025
56.42
77.2075
65.6925
59.285
41.8925
84.475
65.875
67.4675
69.995
78.43
66.785
37.53
66.5125
32.025
76.1675
74.6
54.7225
49.4525
66.1275
63.725
52.5925
42.9725
69.0975
75.105
70.5425
36.155
63.97
56.2375
61.0225
52.945
59.855
58.84
83.195
59.305
72.25
40.75
46.29
51.6525
44.61
45.16
30.3175
57.91
52.9025
64.5575
55.315
37.37
71.7225
52.28
78.68
39.0275
39.175
25.05
68.29
52.465
48.095
56.7775
65.395
50.1975
53.6175
71.375
52.675
46.59
43.74
57.515
51.43
71.2975
41.9225
64.73
55.225
38.775
73.3225
46.94
51.985
40.535
31.4625
67.3475
37.0075
47.365
55.9975
58.125
66.82
36.875
45.7425
44.46
55.11
37.8275
52.725
63.765
23.6425
69.0425
54.8325
22.7075
40.1325
63.81
35.4875
74.535
59.5475
84.735
57.57
47.5125
37.09
52.065
45.2125
73.81
23.4875
57.0375
65.255
69.0825
67.68
62.195
67.1625
65.1875
52.2675
48.7525
62.2075
35.9525
41.2925
65.1125
63.2825
68.295
71.4625
55.5
68.3375
61.4725
56.3925
64.8725
69.22
62.93
49.97
66.48
60.0525
41.0225
64.4725
74.4975
46.4375
68.36
63.4625
86.0075
72.69
41.5975
64.695
59.085
34.6125
71.6225
66.635
73.8425
37.77
34.1925
56.7225
72.17
39.8525
47.8875
53.94
65.845
75.5675
53.705
56.53
36.8825
48.04
49.06
35.0575
67.815
33.6075
56.11
42.695
67.045
53.3825
48.74
63.5425
54.625
73.5525
44.695
38.2475
80.005
55.2075
36.7725
72.7675
51.2775
81.4475
54.14
55.5225
36.665
31.1425
43.8675
58.39
59.5275
31.965
49.86
49.5175
68.08
23.2625
36.7125
43.555
73.5575
37.03
61.1075
62.2275
51.5475
25.68
45.1225
45.44
39.2725
41.1225
78.115
60.58
60.3825
68.5525
82.2275
68.0975
44.8575
43.42
67.2525
49.5725
28.8375
67.295
35.32
65.89
41.3325
70.1275
57.59
66.7325
49.4625
40.7925
53.8475
58.3525
53.275
64.3125
42.0025
68.7825
79.7775
28.55
42.455
41.8525
45.575
75.67
57.505
58.0875
49.5
55.3575
63.8175
64.63
63.7175
56.3625
44.8375
46.1925
46.58
62.6425
47.2475
47.6575
48.315
77.8225
46.4475
48.7
41.0675
46.0
56.655
55.935
67.8475
55.985
65.58
61.3375
39.4025
59.18
58.7775
48.42
69.9875
54.76
42.28
64.14
21.51
46.6925
46.3625
40.64
29.7425
76.7125
70.475
32.3275
67.1925
45.5675
65.38
62.93
46.2575
74.8625
60.5125
56.2075
46.895
64.585
33.53
56.115
57.215
21.02
46.8975
67.2275
68.91
63.465
44.6975
69.39
60.325
57.41
38.295
46.0875
32.835
37.5975
49.7975
47.1975
78.265
88.93
65.1925
56.7575
57.65
72.9075
59.57
49.765
60.26
49.3525
40.03
70.7775
48.6975
31.5
54.27
79.3025
28.9
56.8225
42.095
40.28
45.625
43.11
81.59
53.37
45.74
46.1175
60.7125
31.7175
56.4925
45.4925
32.6275
49.275
38.8875
65.69
45.5775
72.5125
38.495
52.705
57.5225
55.3275
69.095
27.3025
48.68
62.765
50.9375
70.78
74.685
58.7725
56.59
74.6325
42.975
63.1725
53.885
71.82
63.74
56.2
61.5675
62.67
32.0775
67.0225
61.68
50.905
65.3875
68.47
63.955
49.725
62.95
60.265
66.7225
24.6425
62.9525
40.1825
56.2675
59.2575
36.305
33.6525
38.56
40.415
58.8875
50.645
65.9775
64.5875
78.555
56.77
53.48
63.87
65.995
55.535
35.885
62.59
40.1475
58.895
67.57
50.9825
72.3575
35.95
49.9225
61.9025
44.2875
57.6525
60.8525
59.86
54.8275
47.9775
65.86
51.905
51.1425
57.3675
43.62
53.73
54.68
43.3175
44.16
66.46
45.3975
58.005
45.015
45.435
36.29
56.6475
53.36
61.36
31.2775
72.08
50.6325
51.7825
54.5875
37.59
31.9725
64.205
63.14
45.04
45.6325
55.955
55.1075
29.67
84.3275
58.6025
78.6575
73.96
58.2
61.65
44.835
59.6375
68.3675
45.7425
60.4025
55.3675
64.995
24.075
72.7875
68.2975
60.8625
69.89
64.5525
63.645
56.53
39.7275
57.735
72.7925
61.9725
51.455
73.375
56.105
49.5475
46.08
41.05
55.945
40.5275
43.4675
41.09
48.8375
55.3075
68.6925
67.6225
75.6675
41.6
54.32
67.325
45.4475
54.855
55.365
46.325
24.365
69.5975
38.6225
70.36
60.8125
61.185
73.6725
44.6275
56.065
80.125
63.0775
66.4825
60.64
47.2475
53.05
76.0825
58.6225
35.145
57.9925
65.27
69.3
76.33
66.875
46.1
65.415
65.4225
87.425
71.8175
41.745
72.635
59.9
39.84
36.7
65.8325
49.8875
65.955
59.0775
51.255
64.105
68.23
55.7375
50.5125
49.265
67.0225
48.7075
62.965
70.5375
41.39
38.825
56.255
69.5075
57.6125
49.5525
36.9175
61.1325
71.67
75.16
80.69
58.4275
35.6175
32.51
73.905
22.0275
59.0725
57.555
56.175
48.58
62.595
69.72
78.0875
75.1475
81.23
56.2425
60.5925
43.2075
63.455
44.985
30.755
82.6925
35.935
59.14
44.7725
34.4325
50.075
40.2225
66.6275
59.0125
42.795
74.5775
45.0975
46.075
52.6025
48.395
50.4625
67.46
40.2175
68.73
42.0675
42.78
38.2675
69.9875
56.5975
55.895
51.945
46.3875
50.775
66.2525
68.69
54.73
73.7175
56.175
51.6125
48.1175
46.1575
53.7475
34.835
75.1525
37.0725
53.23
52.62
47.77
46.9475
35.865
77.56
44.74
60.0675
60.455
26.1975
62.5575
57.2
60.6325
73.3725
48.0075
42.2275
50.73
69.9175
51.4625
47.7075
46.775
77.775
72.0825
54.335
46.4
54.8775
62.3475
71.9925
76.3075
45.0325
62.6425
72.96
54.59
69.57
49.7775
70.435
39.585
38.63
70.74
46.6825
46.505
78.3925
47.8025
49.0725
66.09
49.49
43.1375
64.7
82.0625
52.9275
64.455
59.78
42.4525
49.8225
66.6825
64.6825
67.1225
60.705
40.2825
61.155
68.355
81.33
38.1725
82.295
50.59
81.135
37.6575
75.4675
56.2875
53.54
49.3825
59.8325
66.19
59.9275
59.7825
37.2675
56.2425
53.9725
29.755
42.3775
59.3
43.51
66.9575
67.3625
47.485
35.22
56.5225
74.67
49.1175
75.57
73.635
56.7425
66.405
71.3475
40.285
42.545
21.7375
45.94
50.9425
53.79
57.92
64.2275
54.81
41.3825
44.335
45.84
71.07
55.355
47.675
40.6675
42.2025
31.6825
37.5775
70.7675
56.9575
63.8525
87.6025
33.3125
61.25
75.4525
52.99
54.565
73.0425
36.165
39.7225
32.665
48.785
56.6975
70.21
63.4275
40.555
73.83
54.2025
70.8075
41.85
51.72
70.81
54.065
47.8575
69.435
59.405
51.465
69.8195
66.935
47.915
46.99
57.6475
59.56
66.6125
55.185
38.77
57.89
54.0025
58.7825
60.38
55.6025
47.585
38.2325
43.495
62.74
45.125
51.5475
66.955
63.6925
76.5925
47.3775
60.14
74.9125
56.22
64.6675
54.15
35.37
38.39
62.085
43.1325
70.8725
50.325
74.8825
76.2675
48.505
50.37
43.505
54.7375
41.675
52.75
59.22
37.8725
48.925
52.19
55.145
61.1725
47.1675
61.12
36.345
77.775
51.07
59.205
67.305
56.345
62.0175
53.215
41.08
53.635
58.745
72.555
72.2775
50.44
52.46
54.2275
55.4475
56.845
41.325
60.5425
79.075
40.55
63.745
65.1275
66.205
33.1525
66.8975
84.055
42.8275
81.66
71.0375
72.01
44.68
28.0725
46.4275
46.63
31.5275
61.6525
64.0925
56.8625
32.6025
76.215
63.905
46.0375
75.025
62.6975
28.54
32.225
61.2325
32.25
62.205
65.0325
63.915
65.195
56.865
74.23
49.515
44.5525
57.5675
54.6225
44.4125
52.2375
54.225
55.84
59.8725
41.1675
52.0925
70.8975
34.3825
30.8525
76.7275
70.27
40.39
74.975
57.9225
70.585
58.9575
40.035
60.4725
55.45
71.4775
32.14
60.3625
51.3575
78.73
71.79
68.1925
68.41
40.77
54.9125
48.0125
54.7825
36.9225
56.5175
72.2475
73.2775
67.835
46.1625
69.685
63.7075
34.9
30.475
41.4325
51.68
34.2375
55.56
45.8475
57.0275
22.4975
54.535
39.51
64.745
46.185
73.4925
40.6575
53.425
60.215
61.5475
35.27
39.3725
53.905
53.4175
41.7
51.7475
49.475
51.4
28.5525
66.25
55.8725
76.655
46.96
40.8675
63.9675
30.78
47.8075
48.8525
59.1475
75.5375
63.3125
29.4225
31.9675
56.8475
70.85
59.605
34.6375
42.315
44.75
52.3425
58.5975
53.89
49.65
50.4525
73.85
47.115
68.275
55.07
70.8025
53.425
49.7475
46.3575
47.5025
71.0175
66.6475
61.195
52.9325
45.6925
68.5325
47.18
35.2925
50.865
46.035
54.8375
63.3625
45.28
51.205
51.775
68.3625
42.455
54.5525
65.3825
51.365
53.755
64.51
52.09
52.1175
55.1675
45.6825
26.735
47.74
83.0625
50.4175
50.1725
72.16
53.655
63.16
25.7975
80.2775
35.5975
45.625
38.805
77.2175
32.0025
35.5525
33.215
74.015
47.9375
48.05
47.2875
88.18
37.285
54.5875
41.5525
65.0575
43.085
42.195
55.325
42.48
74.225
50.305
54.935
56.6975
74.34
47.8175
39.9825
45.61
45.255
46.1725
76.3125
52.75
48.735
39.6425
71.0
40.27
66.2225
53.735
61.3675
50.1375
50.985
40.0475
66.62
71.195
42.47
37.3975
64.2875
63.0825
27.84
44.6175
63.6825
50.66
52.1875
88.4675
68.22
50.1125
35.825
79.9625
46.715
26.325
58.985
58.4525
77.9975
81.965
42.8
50.7625
70.3225
46.3675
53.355
91.9575
74.79
57.7825
73.39
64.0
64.085
43.645
75.2225
74.0475
69.45
44.8875
66.8925
67.0375
60.0675
39.15
61.5875
46.8225
45.23
60.9675
64.69
60.035
63.735
28.33
50.4175
56.235
21.385
37.05
50.5475
45.2975
60.7075
37.755
50.065
58.7825
46.0925
40.655
51.24
34.2975
46.2725
38.1075
56.3075
74.1825
55.1775
24.37
43.7875
54.8975
49.4225
59.7025
70.8625
36.5525
82.24
64.0725
62.225
53.195
48.15
70.2925
45.785
48.3375
60.5075
62.8625
72.38
67.2325
32.095
42.6775
73.63
54.5925
42.715
47.155
74.185
38.01
43.67
63.5575
56.65
72.9875
42.15
58.0125
50.0975
39.91
38.1425
66.4675
73.97
46.0475
63.495
69.025
73.625
69.1225
35.7
53.1575
52.4575
57.6625
37.3575
67.91
52.8175
45.855
61.4525
58.6375
56.8475
58.6925
65.1825
29.8375
65.9075
41.7775
55.8225
64.52
78.265
71.0075
61.705
60.0825
46.335
51.0325
73.5625
66.14
51.0875
50.045
32.755
80.775
52.2325
35.86
66.195
58.885
56.3875
73.83
33.3
46.4625
42.5425
65.85
71.595
58.5875
35.2525
76.54
88.8725
48.9275
36.5825
63.52
58.69
40.9575
82.5775
68.455
56.2
43.57
42.78
38.1525
46.4275
71.14
35.5725
40.9
59.54
42.4775
43.315
62.6475
64.645
54.835
61.5275
53.7975
46.855
43.4
66.6325
70.6375
68.85
92.5775
58.24
47.7425
65.87
40.33
42.42
47.235
56.4925
31.9675
64.7425
66.9625
64.07
49.9275
22.885
72.57
53.5625
74.5225
54.825
67.54
67.04
36.955
73.4425
55.52
65.01
53.3
47.6
46.6
33.33
52.185
32.4875
31.02
56.2675
65.5475
69.665
51.79
35.3875
72.995
40.765
59.2075
46.855
70.48
49.14
50.23
73.4925
60.57
71.1925
77.415
47.675
78.8875
48.5975
59.3275
59.1975
80.1525
68.3325
72.6875
33.645
37.345
48.6525
31.45
53.005
62.19
46.6575
51.6225
74.6475
27.82
46.23
42.3625
51.4625
65.3825
31.67
59.31
52.6525
37.295
26.3975
51.7175
56.475
70.3075
67.855
36.0225
44.4625
59.0825
55.97
62.99
64.7775
35.9425
50.2875
52.73
47.8475
44.96
52.9275
63.0075
55.735
46.56
42.7125
40.3525
45.315
77.6025
46.25
48.295
63.6575
65.0875
40.45
74.1675
46.4425
71.3175
62.1425
36.48
62.23
26.5225
67.1625
50.5875
50.9725
45.5025
62.8225
57.9575
37.7425
45.885
38.01
72.275
49.805
81.9275
40.23
69.3675
37.1525
62.955
65.9425
46.705
56.9925
71.5475
64.2675
51.63
79.585
65.98
77.4975
22.3
61.7125
70.015
50.5375
56.625
51.5025
63.6025
48.095
30.755
51.245
83.1
64.6525
55.23
56.54
35.1875
52.9175
67.8375
65.745
62.9575
90.8925
58.1625
74.25
54.4225
65.025
48.61
66.065
39.5525
66.29
29.51
60.245
40.23
59.8425
53.65
37.9725
41.395
69.77
65.2425
53.4825
60.06
75.1575
57.9
52.815
81.235
58.34
71.43
81.7925
52.52
53.12
46.3675
54.0725
48.0225
76.8575
67.5825
65.0375
44.765
15.975
62.7075
50.315
65.365
44.8
70.0375
43.255
70.97
62.5775
40.9775
65.77
54.59
57.9325
67.23
41.1825
74.3725
49.2025
34.385
56.99
53.285
40.39
63.11
45.4175
64.735
50.9975
51.73
40.7625
59.97
52.0925
55.085
37.655
57.57
45.5625
60.9975
67.4275
59.07
59.7475
50.09
78.8225
65.3775
51.8425
86.3575
70.7675
40.3825
43.165
59.29
53.8175
40.255
24.28
69.9225
43.4075
70.1525
51.64
67.23
49.6075
74.9575
62.2125
48.205
48.735
51.7575
55.875
36.7475
42.8
87.265
55.45
63.775
71.8225
65.975
63.6325
60.695
40.7875
58.8525
39.86
72.69
64.6325
66.715
77.27
53.97
56.3675
43.89
48.07
71.905
66.405
71.325
59.35
48.07
45.39
57.9175
54.605
51.9225
55.9175
27.68
61.765
49.415
44.8775
47.3875
57.8825
62.4775
74.9275
60.22
40.6175
40.28
67.42
77.725
63.9675
28.48
61.0925
63.9925
66.36
45.4175
40.175
41.8425
53.115
92.185
42.8625
36.12
42.99
61.695
61.1075
53.975
54.2125
53.1025
48.5775
42.325
50.4275
38.3425
59.4975
46.6625
62.9225
58.2875
43.0825
53.84
66.74
44.72
77.39
64.64
51.7775
49.2475
65.78
70.5825
37.1125
55.175
62.785
44.285
61.73
55.835
74.1375
41.195
69.295
37.135
45.815
27.405
45.375
32.2025
40.98
65.1525
39.3975
74.5
49.195
64.945
44.75
67.7375
63.5775
36.475
49.645
63.8225
49.085
61.805
54.735
63.6675
47.02
77.295
56.5725
60.41
62.4425
36.715
78.375
77.97
60.1375
53.6075
56.9025
62.135
26.1575
64.345
69.4725
40.0425
42.0225
31.42
52.0425
58.3525
60.9625
55.435
42.8725
76.2175
59.435
39.045
79.6025
59.775
44.92
66.065
40.7675
69.8225
57.195
51.41
36.23
73.22
75.155
56.655
66.05
45.615
53.1575
35.67
73.18
76.7625
32.7975
63.89
55.53
50.5225
70.8175
77.245
44.7825
27.685
67.03
88.0125
54.2575
73.77
59.515
66.525
36.5725
55.7325
76.2275
70.3425
45.8575
38.29
58.915
48.31
63.465
52.005
21.6
50.7975
74.2975
55.375
60.2325
71.8775
31.84
38.225
38.2575
54.81
45.39
65.355
50.455
43.8925
58.79
51.05
58.825
58.01
62.7525
79.6475
70.86
57.38
35.695
56.245
32.06
47.7875
66.8825
87.5125
49.045
52.8125
51.7275
56.3375
75.29
57.5
38.115
57.5775
59.03
66.285
58.485
61.37
68.585
72.055
44.2075
57.56
56.8775
56.1875
56.895
44.7325
57.24
49.9825
60.895
39.0275
38.125
58.2775
50.6275
66.6225
38.56
37.855
58.735
42.1175
51.4475
25.455
47.4075
33.17
28.3825
59.4675
50.335
44.6175
67.6725
69.275
44.4825
70.0175
37.2225
70.005
56.61
50.945
72.1025
63.7
56.4175
36.6925
64.5175
57.1025
54.8825
31.3225
66.8775
41.57
63.1475
58.2375
59.2975
62.34
56.58
74.9825
27.37
55.6525
36.15
56.48
58.0025
57.665
38.7275
58.13
47.075
39.7675
63.3825
52.42
59.0025
29.3225
60.4925
41.31
51.375
37.4575
48.1425
59.83
75.6275
42.895
41.0625
33.5875
44.1975
38.39
84.07
48.65
51.19
34.2175
39.47
73.01
34.6175
45.1825
60.05
33.065
36.785
47.1025
56.71
81.2275
40.3325
39.315
54.6425
39.66
67.4875
45.34
88.5075
70.725
71.5825
53.8425
80.1975
52.9325
65.7925
54.3525
65.7525
50.6825
67.4525
32.07
40.225
46.2225
39.77
36.275
52.545
40.04
62.3125
51.3775
64.635
35.7675
48.19
77.005
73.05
40.28
49.855
35.4625
67.5325
67.6925
74.705
38.785
29.195
41.265
76.0875
47.3825
69.75
44.1
66.09
66.1225
60.335
58.5675
46.0925
55.54
60.57
72.7725
66.645
36.44
49.4875
75.55
47.4775
63.79
71.8525
50.7475
62.4425
73.205
63.965
66.3125
67.9425
48.65
52.58
56.6175
36.31
85.7025
48.95
79.35
60.105
76.8725
44.305
56.8325
64.1775
71.135
34.415
45.745
55.0625
53.13
61.1825
58.505
57.9375
61.3625
79.2525
36.665
64.5825
59.6
22.9825
30.6375
70.235
34.1225
46.93
42.8475
28.2525
46.175
64.59
58.6925
58.765
78.8525
68.2725
59.7425
47.065
67.2275
63.13
48.85
45.7875
54.515
37.54
53.3825
40.6475
23.99
73.82
54.29
49.2875
36.6975
23.645
56.4575
54.5825
69.2275
77.3
59.605
68.4825
64.7625
45.0825
32.2
58.59
83.67
66.7175
49.2
56.515
71.7125
59.4675
51.0575
35.5175
46.9375
56.2425
49.8675
42.255
66.005
73.67
71.9525
62.258500000000005
69.7675
41.9725
67.645
28.1
64.73
58.4225
67.9425
44.4775
51.5275
45.925
54.9075
57.9425
45.4925
51.5325
67.09
51.9075
61.0575
81.9125
43.995
63.085
56.48
61.7625
57.1675
54.2075
47.26
51.46
53.6025
41.87
58.3325
92.12
51.7725
89.135
80.69
59.3075
40.215
50.3875
39.675
42.6825
57.98
60.535
54.855
53.9425
39.305
68.6425
49.715
46.2925
48.47
50.1175
62.1375
62.8025
73.4875
78.78
63.4575
56.15
36.175
68.11
65.175
70.9475
70.2975
58.59
42.93
61.0125
63.625
57.2875
21.315
78.665
35.775
32.46
48.03
32.9775
46.6725
31.275
52.545
56.3725
34.9475
36.87
33.0975
68.96
55.155
75.3075
60.36
67.525
45.505
53.3625
28.4225
51.315
27.9175
53.4275
40.4475
77.66
49.585
56.2325
39.1475
52.335
64.9425
41.1225
44.74
57.14
57.4
84.68
43.1775
36.67
32.8675
68.6625
66.275
30.195
62.565
51.52
48.3225
42.4175
70.695
49.6975
31.44
67.6225
75.875
60.49
72.2525
56.56
72.9375
53.0125
40.95
56.655
55.87
44.4
77.7325
37.615
45.9475
48.1425
57.335
43.1825
68.36
57.1775
50.6175
32.9275
72.9525
62.8475
73.62
52.1125
62.4175
67.235
40.7525
64.3275
35.9425
59.645
43.2375
61.6825
64.4575
41.2775
62.37
66.61
60.2375
64.8725
51.72
48.125
72.105
36.9625
69.375
50.6125
69.265
52.4825
58.435
38.9275
59.9225
61.225
43.1675
64.0925
64.73
65.6225
67.1975
85.935
63.445
61.37
80.9295
25.5
42.195
55.475
55.93
65.5475
42.775
43.6775
39.915
55.81
53.845
42.505
71.115
72.805
79.11
40.0775
74.5725
65.18
73.3525
78.775
48.6775
70.22
61.258
70.915
45.655
51.765
49.695
81.5175
26.5425
54.695
67.44
53.205
37.595
57.0225
72.5625
50.3475
52.125
74.99
39.625
31.675
56.725
37.7475
73.03
44.29
63.9525
62.4075
58.2225
63.1025
70.2
56.0525
65.0925
67.165
32.5275
58.1375
70.9825
71.675
33.9275
55.055
79.015
83.9175
43.7925
66.355
47.02
56.1825
76.5825
49.4675
55.965
31.09
39.0925
38.22
50.95
41.2375
52.47625
54.1375
43.7125
70.6025
57.54
37.965
54.9475
66.87
56.185
39.8025
48.825
39.2675
46.83
58.6275
57.73
68.2775
74.5225
55.36
55.1775
62.96
53.82
77.4525
62.375
50.1225
50.64
47.2675
34.8175
58.005
85.1875
39.15
73.3775
35.5175
47.3875
64.195
45.0275
80.34
50.4525
56.285
67.8225
73.245
67.4325
48.975
65.4475
65.03
79.525
71.7225
64.3825
37.4475
40.595
65.495
64.9975
74.8025
59.435
62.8125
68.235
65.2625
61.975
39.215
76.6875
48.2125
41.435
36.5725
57.7925
67.8825
67.525
42.0775
33.7475
34.5375
33.6
64.4025
60.8475
63.1625
62.555
49.9175
58.61
65.3925
39.7225
57.2875
65.26
57.9275
35.8925
55.2625
69.2475
68.6025
31.5275
29.9175
67.37
47.4275
53.91
57.155
71.7425
67.95
77.9625
61.3175
49.06
45.1575
59.38
53.83
50.0275
62.455
67.3725
78.69
55.28
42.8225
61.07
69.74
53.325
73.9025
56.1875
62.0675
58.1375
58.4725
46.5725
60.305
55.5925
65.1525
62.7125
88.69
62.54
57.055
59.14
33.635
74.635
54.41
77.5625
58.7
33.765
61.3075
61.045
27.9425
45.7825
73.3125
45.35
23.0
61.8875
47.7575
74.48
58.4125
48.2275
45.12
61.565
83.9925
34.4275
36.9275
76.1175
56.975
30.9475
72.42
43.57
42.735
64.655
44.2475
61.0
59.0175
70.895
46.645
54.575
56.955
64.285
49.995
41.5475
59.9375
47.995
63.8875
56.7625
64.3125
52.075
28.43
41.2275
44.695
31.1725
73.2
37.7275
60.8525
46.525
42.9875
51.2125
52.6675
42.6575
91.31
59.17
55.595
65.35
49.8275
59.6725
68.6325
57.725
62.4575
72.88
47.3775
49.7875
87.0225
62.085
55.1975
60.1275
33.425
37.7375
70.775
81.055
49.155
47.89
72.5075
31.5475
59.935
75.54
59.9475
77.52
60.5025
73.0175
66.505
38.8225
68.9475
41.63
49.505
52.135
44.88
48.86
45.5075
34.26
68.4725
51.46
61.1925
51.8525
69.965
48.3625
59.7075
54.9625
47.685
44.6125
42.5825
49.26
38.08
64.1825
58.665
64.4575
51.34
58.1375
30.235
70.305
54.6775
58.495
75.7375
67.4575
35.22
40.76
69.2225
55.7825
63.6275
87.595
55.385
42.735
54.73
63.915
66.8425
74.3025
60.2125
69.965
61.335
73.705
47.4525
53.9875
46.435
42.6175
71.81
76.1725
48.995
59.365
57.1275
48.9675
60.06
56.735
72.3375
59.3725
56.5075
80.3525
54.98
77.58
43.8025
34.87
57.6575
63.545
65.57
49.4225
56.3
66.06
57.725
60.0675
42.79
71.3925
54.0825
22.7575
70.495
74.8625
44.92
53.6975
38.3425
51.3825
40.3525
70.0375
33.1525
47.8775
62.6575
63.0325
68.2825
67.8975
64.395
77.0475
53.055
67.77
33.5475
43.2
39.4325
65.2125
50.9475
87.235
63.745
28.23
49.3925
57.6475
50.025
70.8425
32.905
68.295
57.745
48.5525
69.5725
37.215
34.24
64.2825
43.7975
44.0175
27.1875
61.0275
52.895
42.275
50.945
41.4625
58.74
38.865
49.4225
74.285
55.945
51.4925
33.8425
56.875
72.2875
40.2775
31.98
60.5825
69.8375
64.335
56.32
61.9225
55.405
69.885
48.5175
64.5975
82.19
47.885
49.7775
82.2875
46.9075
39.2575
55.14
34.3825
67.90875
55.6075
44.1475
37.2175
60.7325
57.605
39.705
41.6075
50.8975
73.1775
51.0625
82.5025
58.68
58.855
78.27
20.1775
73.4725
44.715
42.8325
68.4625
61.4325
59.1275
51.7
72.23
86.3925
45.1275
39.97
61.12
68.2475
74.4775
54.605
23.705
54.0025
57.8575
64.52
53.4575
72.8
51.4625
79.1475
35.455
45.9275
40.9425
34.9
42.83
52.6475
38.88
66.84
36.34
58.6125
51.1675
54.92
75.86
39.5275
54.7725
71.14
68.4575
36.7125
49.7075
46.8825
52.885
44.525
64.4525
41.5475
62.6925
59.9025
63.5675
34.3325
46.9325
55.0225
40.855
33.5725
73.7125
59.8075
37.0525
69.1825
68.865
65.3175
61.1775
49.2975
60.18
65.3175
43.1425
54.055
63.2475
37.54
64.565
54.685
50.5675
77.4025
56.925
42.755
76.825
49.465
64.67
63.175
36.1
58.48
69.5125
38.01
68.305
49.31
53.5775
69.0275
31.7775
42.8775
34.0625
45.5775
75.8625
51.3575
35.515
72.3925
31.5225
76.8375
46.335
56.74
51.84
34.035
53.055
36.1125
56.0975
69.4275
41.2475
57.48
33.41
55.61
81.965
48.7425
69.51
61.4925
57.285
41.225
71.7375
62.135
62.55
72.3225
39.203125
74.4425
54.2375
73.9575
78.54
39.71
40.0975
59.905
26.64
78.835
38.82
56.3675
56.2125
53.8325
69.3175
67.4075
53.23
60.345
53.4825
43.9475
82.2975
34.3225
67.9225
47.3475
55.775
39.4625
82.1225
80.5675
69.755
54.5675
67.6925
56.9175
31.21
75.69
53.3325
27.4475
78.58
53.7325
60.615
66.5425
52.7075
35.7975
43.2425
47.63
58.455
60.8225
58.02
56.4625
65.955
66.9725
56.5675
45.7225
58.4625
49.44
28.8975
64.665
46.8825
51.6125
58.19
67.01
39.9675
28.7675
83.6675
45.1875
65.39
70.345
39.055
64.2525
59.8225
58.455
58.86
40.8875
55.9225
79.9
50.6725
43.795
71.565
45.93
47.335
59.375
47.3275
38.0825
64.6125
46.71
56.1775
36.7275
57.58
52.05
47.6175
63.8025
54.0225
48.37
50.7575
57.2425
63.0675
44.2475
66.3975
68.56
56.065
64.84
58.2925
72.26
57.215
43.11
34.4525
62.9575
72.605
27.8825
49.755
58.655
56.9675
47.9875
40.635
68.7775
54.07
73.46
44.7075
36.785
55.3525
39.765
77.6425
54.3025
66.67
56.4825
56.8925
84.415
57.735
63.6425
54.5275
68.805
64.75
61.7925
31.28
67.3525
60.5025
62.1225
50.66
31.495
44.895
48.475
78.915
38.14
95.465
55.235
77.23
75.0225
67.2825
56.415
49.39
62.765
29.015
49.83625
47.4875
56.22
52.4475
53.3425
42.525
53.13
61.83
39.3675
68.0325
57.26
44.555
66.17
66.5775
43.105
55.0875
42.2875
70.3325
80.35
45.535
46.17
79.52
79.7825
64.25
83.4675
71.8125
27.0225
54.5175
33.815
44.5
39.1675
79.2725
79.845
61.2375
52.715
69.5775
57.6975
69.875
73.89
45.9225
54.8575
57.98
45.015
73.7725
47.085
41.5425
46.5225
72.195
75.2675
55.6275
48.6575
42.445
68.795
59.8025
50.09
61.085
45.055
57.9
37.7325
41.7975
69.985
70.39
62.9875
49.5275
42.405
69.28
39.0325
57.525
67.895
47.5275
33.15
70.84
67.325
52.915
82.9575
72.77
75.58
55.54
49.7575
47.6225
51.64
68.515
49.97
35.4325
47.36
69.9275
45.535
54.975
44.655
66.0275
73.8175
66.2175
74.92
38.245
46.995
66.2125
70.99
46.245
78.8825
57.01
64.615
64.355
22.1875
42.2925
34.6425
65.1775
65.17
49.9375
45.485
47.805
41.775
59.3175
31.72
57.5475
52.77
79.4425
60.09
54.6675
52.9925
56.84
41.48
68.605
46.755
46.065
40.525
61.6975
44.6725
61.9
75.165
55.375
61.6775
74.31
73.4825
73.705
48.6725
53.1225
56.8125
48.505
59.0575
39.985
74.36
43.285
74.6825
75.37
67.17
50.005
67.5625
36.89
21.5525
44.2825
52.7275
59.9575
71.87
75.2925
51.6525
64.395
52.5675
61.3925
50.7025
50.9425
42.38
79.36
58.805
64.19
45.105
47.6375
44.0425
53.665
39.6075
34.965
88.8675
61.565
50.215
65.7175
57.0275
77.3975
58.8625
41.27
56.6
55.9275
65.89
38.5625
53.68
62.13
50.6825
75.855
56.555
49.99
61.625
69.8775
39.08
54.7975
73.6575
54.61
59.3675
46.0375
31.57
73.6275
57.205
41.005
48.63
53.19
45.735
60.5475
60.655
63.07
43.8725
69.215
60.3475
48.3675
75.7375
57.76
63.605
73.5
53.6325
65.55
53.0675
66.7075
70.415
64.2075
55.965
47.2
48.5875
44.2275
74.19
49.655
58.7175
62.7
46.28
37.0925
49.61666666666667
54.0625
46.2
49.3
41.795
67.215
47.005
57.265
58.02
63.39
27.15
62.9775
70.0025
75.545
44.29
50.46
66.8575
64.5375
65.1
43.2925
56.005
68.0925
72.155
49.89
43.19
60.3375
63.23
77.7225
36.4675
52.0675
73.545
73.41
49.955
31.07
51.44
48.93
43.71
55.015
65.1825
65.315
68.0775
36.175
54.9325
60.18
44.64
52.4075
43.8425
60.88
27.2875
64.7825
48.8925
58.6975
53.465
35.7575
48.5475
62.785
56.8525
33.3375
70.0325
50.9525
52.0425
52.3175
52.8325
49.4275
56.575
47.3975
21.1325
56.8675
56.9625
53.7975
72.3
54.1225
73.755
65.585
46.3875
56.79
50.6725
74.11
63.1775
58.2175
60.6675
60.8225
57.1975
34.5625
66.855
36.1475
57.41
51.885
77.94
56.055
64.515
49.625
50.525
64.1625
62.935
59.7925
68.58
42.66
59.2775
60.44
63.9525
71.9125
41.51
75.01
57.5075
75.575
73.44
47.075
85.1925
32.7875
65.15
25.6475
21.875
56.865
47.9225
73.5175
53.0975
50.3
70.0925
33.8675
61.8925
25.8925
45.555
71.21
68.8225
59.3675
61.9225
56.2425
60.6825
63.315
64.525
80.26
61.32
66.85375
56.3875
41.4275
62.15
70.945
37.4275
30.7425
61.6975
50.8825
53.7225
64.05
61.8975
57.26
60.9825
42.64
41.9375
43.465
40.2375
67.835
50.1475
38.95
39.5475
36.4725
57.94
64.4075
33.7875
51.2475
42.11
41.4175
37.2225
78.6375
43.9825
41.6675
61.3175
48.5975
50.3475
79.01
44.405
66.4225
63.19
21.7025
73.4275
69.9325
67.8025
61.2275
60.29
60.4625
81.895
25.5375
51.085
66.7375
83.76
38.1075
60.735
44.095
72.7825
66.3225
66.2625
52.0025
64.605
87.7975
43.58
69.105
74.5125
38.58
53.3
56.2875
57.0775
66.43
66.015
65.44
85.185
71.2125
53.53
55.5775
76.5875
70.9375
40.56
38.2025
54.4875
63.86
50.5825
73.235
48.0175
51.7975
55.0975
57.03
51.21
51.2625
41.9825
64.13
81.5825
47.425
45.0775
56.875
28.845
66.04
49.4075
41.38
44.32
48.675
54.135
44.1525
68.675
61.05
59.8775
38.8525
39.34
88.0725
27.61
64.42
64.945
64.3025
48.7125
74.3075
64.2525
67.115
32.9675
53.785
80.34
53.4725
63.0525
41.35
55.9275
47.865
71.775
52.6675
50.245
53.8
51.4225
50.3225
61.3025
51.44
50.3
81.6125
74.455
57.35
52.555
61.1775
54.905
38.7775
37.0025
46.5725
44.145
74.115
83.7175
43.495
73.655
54.1875
47.445
77.7025
39.4225
61.11
64.505
40.915
60.9625
21.835
57.2675
64.86
78.56
63.97
47.2025
63.1725
38.72
42.8675
56.7875
64.95
51.4025
68.3225
50.145
51.9125
53.6525
72.5
62.405
35.2425
27.5875
64.6475
76.07
82.795
68.7375
28.34
40.0025
67.7975
59.535
29.1775
73.5775
53.6675
38.795
31.1825
60.57
40.45
56.1425
42.7
35.4
37.905
65.76
51.7375
52.27
57.8275
57.69
71.0025
40.1875
40.4
61.16
78.5825
68.0925
66.9475
34.6825
53.77
55.475
40.2675
39.04
35.09
54.125
54.705
73.45
31.32
54.965
52.1375
38.46
69.7225
78.5625
57.335
31.2525
46.195
36.235
72.6725
66.075
47.095
42.7975
55.4975
53.705
63.8875
45.1425
82.09
42.085
63.055
19.285
44.38
40.7225
87.405
54.435
58.5425
59.0725
33.6275
28.52
49.655
51.76
77.0025
69.7225
28.8575
35.2225
60.575
42.435
65.0275
61.9975
66.61
77.4625
44.8175
48.6475
60.2325
49.565
71.6275
55.705
47.365
50.4475
44.5525
62.28
46.43
77.725
45.645
55.1475
89.5475
68.8075
57.8275
41.045
39.4875
68.35
58.6075
39.055
70.345
54.415
68.175
65.33
50.11
38.67
55.8725
44.5625
35.8875
51.69
28.675
76.395
38.875
56.0025
56.595
69.135
70.8375
37.6125
50.82
74.205
59.53
53.28
33.0325
64.895
63.9425
59.935
42.0975
79.515
52.03
49.23
49.84
21.735
63.71
59.825
52.5625
31.065
51.5
56.9975
65.325
40.605
68.9075
71.845
48.1925
45.1
44.375
43.605
56.5975
55.4775
68.6625
77.6375
52.21
57.6825
72.9
40.6775
89.085
58.915
54.95
78.115
92.365
62.9025
57.4275
59.02
68.255
50.7575
68.0725
45.51
69.19
33.7525
63.1
47.42
52.79
60.0975
57.92
62.255
70.3675
49.41
60.3125
54.9775
27.9425
66.4775
66.4225
65.9875
61.52
31.5175
56.6925
74.115
52.255
73.165
73.535
44.845
50.8025
49.05
69.4175
54.9075
50.3775
68.6475
44.325
47.3675
43.7475
46.0075
34.8325
41.02666666666667
54.6175
35.735
77.2175
60.6025
51.6525
58.525
52.955
34.345
58.285
59.6225
82.0375
71.175
56.225
63.305
55.715
67.9225
74.005
36.43
33.69
56.195
53.4325
75.67
46.93
49.585
55.3575
27.4325
58.195
33.6525
67.535
59.47
48.74
66.57
64.535
66.3825
45.1925
62.885
36.235
49.6075
37.935
53.015
67.9125
74.5625
61.7175
51.5125
42.065
38.475
55.1025
46.0525
59.145
46.835
51.66
71.1025
83.8875
40.42
62.415
69.46
61.4925
41.385
50.5525
66.275
59.6375
59.8625
48.5425
61.8825
43.2525
54.355
72.9775
60.36
54.355
60.9275
24.97
69.4
43.4275
24.6575
45.92
65.765
32.0775
46.3075
41.7825
66.16
63.165
75.3125
56.97
59.3775
27.065
63.45
68.955
66.7125
56.155
60.7725
31.455
65.245
61.7425
54.9375
54.21
38.6925
54.4225
45.4725
72.73
80.37
48.485
69.1025
37.87
21.67
50.215
59.42
45.7525
66.3875
51.6375
40.0075
63.685
48.5275
68.81
66.03
57.31
60.165
47.3075
53.72
54.18
49.555
25.99
58.1525
55.535
77.96
67.76
37.63
46.8575
62.43
54.0675
51.8825
62.045
71.6275
77.7975
38.2925
67.9725
51.885
44.28
60.14
64.6
39.1575
49.01
70.25
75.1825
36.86
37.8625
65.165
75.285
60.8175
43.8675
75.1125
51.57
65.3375
71.485
60.5475
49.21
49.15
51.9675
47.655
36.9625
67.5175
74.06
54.07
43.6775
50.3525
64.735
73.755
58.4375
44.65
66.165
45.1525
75.3325
53.94
72.0975
36.865
57.6425
41.5225
38.7125
32.57
49.185
49.6275
45.72
47.7775
33.6575
29.36
48.91
51.1925
74.3075
53.5025
34.9925
45.77
33.25
60.105
74.3075
39.82
57.9025
43.16
73.335
52.115
76.3425
29.935
48.25
73.67
67.4725
69.3575
63.2275
57.405
44.8775
53.3
55.2675
47.2325
41.7925
44.1525
67.7575
69.7325
62.84
55.0125
23.675
41.4075
22.5475
35.7725
51.515
73.3225
61.845
41.47
43.3875
52.2125
23.265
75.3725
55.515
83.305
53.8875
61.7125
46.5425
42.08
56.03
51.875
52.675
50.285
68.9475
26.775
51.43
43.0125
60.37
70.7375
59.2375
50.095
47.39
50.3325
54.0575
63.335
54.795
36.7525
59.4525
68.705
60.2825
62.805
72.11
69.855
64.615
49.99
58.5275
46.565
42.5025
50.87
41.75
35.325
58.9475
40.2275
36.5725
68.4
22.58
39.085
64.925
72.07
46.735
46.3475
51.365
64.53
67.745
32.055
44.7425
57.7225
76.355
48.7525
50.5975
47.85
69.8325
36.445
47.8975
43.925
68.3
35.6825
59.2575
51.795
47.4775
33.7625
63.065
30.8625
61.9525
77.1275
70.0225
55.635
44.98
69.735
70.835
46.8475
71.6525
62.595
63.0775
68.395
43.645
29.23
70.47
56.8375
62.1325
16.8225
37.695
68.5725
62.955
42.0125
41.4675
31.8125
47.64
47.355
77.49
53.7425
75.9225
46.1075
60.8975
74.1125
67.62
60.45
70.7425
70.21
45.9025
73.77
63.2325
64.83
58.185
67.1225
40.3025
59.94
41.1575
43.51
48.41
64.315
56.2525
49.345
66.41
39.5175
40.82
77.5125
31.3575
44.9425
66.3425
50.2525
51.015
66.46
78.5375
51.5825
68.4725
75.2875
59.81
55.7625
71.165
52.2
74.75
53.98035714285714
52.775
38.995
57.955
46.4375
46.585
44.0975
47.3875
67.415
54.0875
65.6025
52.6775
31.695
41.7075
65.96
57.2225
66.04
38.43
66.4025
62.43
69.3825
62.3225
46.8275
77.8775
78.43
54.5525
57.215
85.5
62.0125
61.34
66.6775
77.2475
69.8425
49.5075
70.175
54.445
60.2825
73.075
45.705
27.5075
43.0575
63.89
57.3375
36.6175
54.6
68.4675
45.5425
67.52
55.045
49.9
62.665
60.2375
43.8425
44.185
76.145
29.1075
68.0025
48.975
65.3225
48.1225
33.4175
77.3375
53.095
60.6725
46.7525
59.4025
48.9875
83.8925
55.635
53.68
66.0475
60.755
39.1675
70.8025
45.555
36.6675
27.7475
63.6075
58.025
52.025
28.725
37.3725
21.945
62.485
34.805
25.24
23.64
65.295
61.3875
48.7525
60.155
58.3125
57.9025
46.55
55.275
50.77
84.695
56.5675
52.6325
52.505
42.8875
68.985
47.645
44.56
67.225
44.965
29.6925
82.0675
47.405
56.0625
50.845
52.51
38.1475
70.8675
60.865
58.2
43.88666666666667
59.7725
47.6775
48.58
45.1575
33.52
49.5675
48.86
60.4925
58.1275
67.1525
67.955
48.645
44.6675
50.645
76.48
74.1775
50.315
30.295
68.105
75.88
43.445
40.72
77.845
56.6975
49.35
45.085
55.55
60.5225
46.4
70.3425
53.345
74.3425
61.1
61.27
68.82
52.6475
53.6225
36.24
58.75
31.4775
39.115
74.2725
78.915
74.3125
43.06
54.645
42.4675
63.725
79.865
40.7675
51.66
57.4275
71.0825
78.26
56.3875
87.4475
54.55
84.465
48.9575
44.31
51.895
63.79
47.955
50.3125
57.795
62.4475
83.72
73.9625
55.8175
56.2675
55.7075
44.625
41.36
47.5625
65.625
49.16
44.455
74.1725
54.415
50.395
49.0675
50.7325
70.8175
57.4875
31.8325
65.8675
53.4375
65.595
69.645
52.5175
49.4275
41.6725
48.145
73.455
38.9
18.5025
41.9725
38.235
74.9525
67.9025
45.6325
93.3125
56.4
52.5125
62.5125
64.4425
60.5625
46.8575
62.7425
69.1775
59.6675
51.645
51.4975
51.24
69.805
43.885
31.19
41.3175
66.1625
66.0625
75.5875
48.4475
56.415
50.4025
33.6775
74.57
56.43
78.175
70.5175
47.855
78.0525
50.5925
74.525
31.3675
52.7125
27.515
49.8175
35.385
46.6225
48.4875
69.0325
57.205
48.3875
69.41
38.35
50.0825
35.9675
44.1375
66.335
63.305
38.6325
52.8825
59.7125
56.7975
53.6075
40.8325
64.77
68.3425
36.675
77.7225
55.41
55.875
59.25
57.965
76.655
65.815
62.41
52.3775
58.455
51.08
69.19
53.7025
64.3725
40.465
35.285
44.7525
59.1475
45.7475
72.2875
73.175
83.64
48.3325
84.7575
38.195
62.78
77.36607142857143
49.0675
51.2225
58.91
38.245
25.4775
55.035
76.3025
50.51
74.66
50.515
71.97
57.14
41.3625
63.64
52.2575
48.6775
49.8575
38.0325
66.6175
62.8325
51.1925
23.4775
38.6
51.485
52.4725
42.07
71.785
68.4275
38.5425
53.24
62.79
64.8125
55.2
50.875
45.325
47.485
29.7775
53.85
53.4975
38.8825
64.5375
74.5075
55.83
40.41
43.4975
40.9125
33.86
76.2875
61.365
65.3825
52.86
58.1775
56.22
49.2075
47.7675
63.1925
70.8775
63.41
69.535
54.925
68.3525
59.7125
64.1625
84.3825
38.54
50.1475
65.5175
45.125
36.2075
66.175
42.3175
58.0475
28.73
70.2725
65.8
65.9175
58.65
55.9575
60.2575
32.5275
44.585
61.4
85.5375
43.5175
55.4875
55.145
50.1125
55.0225
60.44
43.9
36.875
42.965
42.7675
46.295
69.0875
65.375
59.795
67.2575
67.4125
63.1475
76.9475
43.825
64.6425
46.4825
52.26
58.5925
53.735
44.3875
68.795
40.2225
78.5925
73.2675
42.9625
44.2825
59.15
47.7375
63.71
50.1175
45.445
61.1725
29.6525
56.7675
63.735
45.9425
59.2425
36.11
59.005
29.555
56.8775
63.1075
42.9925
71.1375
65.1875
39.19
69.1075
59.6825
37.1475
71.52
73.5825
79.62
24.3025
67.73
63.4975
69.8525
49.84
40.665
55.3125
69.8575
51.1425
72.75
60.26
67.935
38.5325
47.82
54.02
65.5925
67.3925
41.395
72.01
21.9125
56.44
47.22
61.1275
66.31
68.7875
68.145
92.2525
40.71
55.2375
53.9025
58.84
63.9525
51.2125
65.88
68.9525
67.125
34.6625
65.6025
63.4275
62.0575
50.745
61.3275
63.4175
26.6725
77.0
55.195
76.8475
52.8875
36.3025
71.29
81.3825
63.38
56.2625
72.7425
65.95
38.3125
52.9425
30.4075
48.3975
53.3575
68.83
65.0075
48.635
60.23
54.305
72.78
65.6675
47.8625
52.6775
59.835
30.905
46.3425
64.735
45.285
13.3925
70.3275
29.57
27.435
50.9575
12.36
47.3075
46.135
54.51
73.5325
76.9225
45.7375
30.7025
58.625
50.645
63.5125
81.1725
59.93
54.8475
61.795
59.06
46.33
54.0625
53.99
54.1425
31.52
81.4175
45.5275
53.51
46.4825
36.3125
46.2675
48.4025
69.3025
39.335
43.995
49.2375
57.19
41.5875
43.3925
48.0425
49.805
69.32
54.495
45.8925
63.515
63.33
51.89
35.0425
54.4925
40.3575
56.4425
33.87
53.955
60.1675
63.0275
42.08
75.4875
53.4
73.4675
40.78
50.33
44.1825
80.0275
59.2925
64.8025
41.3275
58.95
53.3575
57.96
44.97
55.845
41.885
84.35
33.5625
54.0225
44.4375
68.18
39.1375
66.0975
57.5125
64.6325
58.3725
56.21
41.9975
53.4725
59.79
74.0125
59.8525
65.8125
69.5475
68.1675
44.6125
76.7775
48.27
50.44
60.93
84.42
45.0425
45.19
46.28
42.74
63.47
45.4975
41.7175
48.655
87.2025
46.1525
76.9475
29.725
36.8425
55.1275
69.135
67.7825
55.11
42.26
54.7825
42.4025
37.9075
39.4175
42.31
18.6425
69.875
83.645
56.2175
57.6925
53.8275
39.4475
62.0275
67.87
55.215
51.6975
74.3475
63.3
46.1625
55.475
52.295
64.4825
37.87
51.8025
79.9175
68.0075
56.2825
40.4975
67.425
45.7925
36.48
74.4825
61.0425
71.295
52.64
40.635
63.2325
60.79
60.085
42.6225
40.0275
23.3275
50.445
71.1375
42.55
54.2725
63.79
45.9925
40.8775
43.11
50.4325
65.8875
75.9625
55.6575
33.4925
54.8775
48.475
75.425
41.64
35.965
72.89
67.8425
60.3325
48.2025
84.94
79.1925
63.835
47.0
68.52
64.425
51.5975
24.1775
42.7925
68.1975
47.79
65.795
31.5025
31.85
57.56
61.3425
72.425
61.05
47.495
58.3575
60.605
42.985
68.9925
57.7825
83.375
86.73
72.405
46.4325
59.2875
52.2525
50.255
32.5075
35.235
66.5625
70.26
45.3625
64.255
31.49
33.9975
53.5675
41.98
60.26
42.9725
55.9275
44.3925
29.46
53.65
35.555
58.355
61.33
60.0975
64.5
41.1825
67.13
51.3075
45.07
48.2225
60.9675
62.9675
60.4675
71.0875
76.23
52.4725
63.3475
34.3175
45.27
93.2075
51.8875
29.655
64.7375
34.79
54.94
60.405
56.285
70.5425
73.26
63.2875
74.01
65.385
61.835
31.68
63.67
53.645
56.42
50.495
55.96
63.0925
67.6
44.0675
56.59
62.355
53.8
53.5575
69.7525
83.8775
60.8375
62.49
50.52
50.3325
79.575
56.97
65.155
37.8725
40.8375
46.76
63.12
36.2525
46.335
46.0025
45.48
40.04
83.1925
52.94
51.88
87.005
52.235
65.12
48.8725
52.695
32.03
62.055
51.68
64.3475
67.1025
45.025
59.675
62.3225
48.7775
75.17
67.7575
62.775
70.1675
46.3025
60.645
28.665
35.38
56.5075
26.0575
71.9025
69.5925
50.86
57.135
40.295
70.03
75.615
51.8175
48.835
48.265
58.185
57.595
67.045
66.135
67.365
37.9125
51.22
45.495
53.8125
45.0425
40.0825
52.0625
53.73
49.1475
78.31
51.1425
49.9825
83.3925
41.6075
70.3725
32.575
55.43
49.245
62.4075
38.33
60.33
53.1925
57.4875
33.245
29.5925
68.19
39.96
47.6425
52.3775
35.08
72.625
33.4575
64.7225
49.195
72.2725
34.4275
62.7475
51.5925
53.0925
36.0175
73.5875
61.8925
61.445
41.5575
43.215
60.1
62.2575
41.6875
55.85
63.9775
56.5775
66.005
30.1475
60.565
18.1325
45.9875
65.915
38.585
66.3725
40.3675
64.1425
35.2275
57.8075
72.655
58.7975
57.355
48.4175
68.385
68.0175
51.915
69.265
37.6525
54.8925
39.96
75.1475
37.005
55.5475
73.5475
60.79
44.6425
27.5225
54.1975
53.1175
65.1
60.885
41.77
74.1925
42.67
41.01
67.4525
69.3575
35.4725
40.6025
64.6225
61.435
51.0575
49.93
32.755
63.4675
64.1425
61.995
36.6025
50.45
43.415
24.9275
41.6625
62.7075
51.1825
50.415
47.1825
66.6775
36.905
46.33
65.0825
41.4325
45.435
37.225
68.77
49.6375
51.3575
62.1425
48.46
78.0875
62.8625
54.25
53.42
72.4125
44.05
66.5375
88.5475
60.21
54.91
74.81
75.9125
62.6
92.345
68.445
77.335
76.66
50.5075
55.555
69.0575
53.8625
60.035
55.4625
46.695
40.2175
46.0025
59.835
71.515
68.0475
54.4325
50.465
57.335
49.6275
38.2525
44.8625
63.44
61.9425
53.6525
60.5725
63.475
71.5775
64.58
60.8675
75.8925
39.965
46.55
50.57
67.8475
32.3025
62.97
36.505
60.76
51.465
75.7075
77.7675
20.985
49.72
61.26
86.0625
53.3975
84.0675
47.49
38.21
78.61
61.7375
92.64
55.0425
78.3125
46.975
31.0825
46.3425
49.3225
52.565
49.5475
59.4575
31.855
54.2725
56.6575
78.855
42.61
62.0825
64.7425
62.285
71.5
38.48
72.755
46.2275
36.045
81.17
74.075
56.2775
59.3875
47.975
63.31
60.275
41.4475
62.285
64.335
60.2675
84.915
62.335
55.845
51.145
51.0975
48.905
53.5975
43.3175
27.67
68.085
63.345
65.46
70.015
71.2025
48.0275
48.13
42.89
67.2375
55.895
74.9825
74.9375
55.2625
61.485
46.5225
19.97
81.35
32.2825
55.2925
57.745
67.61
73.815
71.5925
58.705
50.3075
39.3675
59.7225
60.6025
68.3675
49.9425
86.03
38.135
67.0675
68.075
77.1125
72.4175
68.8775
40.6675
39.1375
49.82
46.805
37.585
65.8375
69.0075
48.04
54.6225
45.665
38.795
63.695
52.02
63.6675
38.0625
55.5775
75.5975
57.11
67.78
65.855
74.4975
63.375
35.85
77.3525
71.95
65.225
49.805
57.13
55.93
49.8975
69.365
68.4025
47.435
69.5625
41.5125
61.19
62.64
36.6625
57.1375
40.41
41.42
51.21
83.8325
56.7325
64.2125
49.89
51.8
38.8075
42.405
22.8325
44.9125
69.6075
49.99
39.6225
39.7425
60.11
63.1525
33.3875
45.0075
42.585
41.8025
59.59
62.645
41.04
63.505
64.465
67.7525
58.47
73.7125
54.6775
56.1975
71.28
53.365
42.1375
72.81
43.245
28.5275
53.7725
41.0625
52.5925
52.23
44.905
60.885
69.0925
69.77
43.0275
53.49
71.2975
68.2025
78.235
55.81
74.8925
54.1875
27.0225
62.585
36.3725
64.09
62.8625
45.5725
59.585
52.1775
80.5575
55.8175
47.4275
54.1675
49.92
42.6875
69.265
30.7225
50.795
48.585
75.315
48.53
56.51
68.9675
60.545
60.935
61.845
81.2475
54.915
46.3525
42.16
79.2475
71.445
64.555
76.4875
51.0775
54.44
44.3825
50.2325
69.1975
75.22625
61.985
50.9675
50.6725
51.2325
39.51
49.295
44.1725
44.04
47.615
61.3525
61.8875
59.56
35.245
40.16
68.395
55.9575
62.26
46.9875
80.2875
44.8575
53.8225
45.6425
46.205
41.955
56.9575
38.7175
68.5775
49.0425
78.0275
48.5975
61.0375
54.2
50.295
61.655
69.2425
34.8725
40.76
49.8025
61.235
71.855
57.9575
60.1325
63.7075
70.4375
51.6575
45.165
43.765
33.505
50.265
47.46
28.8575
43.75
46.4175
61.225
64.4675
55.1675
67.8375
37.9525
45.57
54.625
75.8825
45.42
56.8125
50.4375
67.2975
72.865
51.02
77.9475
37.4125
39.3875
60.315
52.425
51.8225
58.14
56.03
70.44
45.8625
61.51
60.7775
48.04
45.525
61.805
38.0
66.1875
64.735
57.405
52.3025
61.9375
58.6075
63.9425
72.0975
63.765
40.8375
37.695
68.58
69.4175
78.225
49.2575
32.93
55.02
44.9925
63.285
46.7025
53.73
68.1875
45.41
33.59
59.75
75.9975
40.5425
68.71
62.9
37.965
55.7475
72.2125
52.4375
57.6625
58.675
54.9975
35.5875
64.6825
56.7125
64.4925
45.11
53.205
46.4375
45.945
66.235
74.8825
54.485
63.0975
51.8825
67.955
81.985
52.7425
41.775
29.9475
77.6975
77.0075
64.1375
45.68
39.66
40.305
46.085
39.3825
60.4275
77.12
37.645
33.4725
68.5225
63.0075
61.0075
53.1025
59.05
71.2375
56.0525
40.655
49.66
57.6175
59.645
64.5775
32.0825
59.685
62.8425
65.675
48.6725
46.725
70.73
66.55
39.2325
40.085
43.2175
52.0325
62.175
39.66
61.7875
42.2575
53.4975
67.455
40.7525
73.48
62.5625
26.8
46.545
73.92
68.7175
43.415
66.995
21.2975
35.92
74.24
70.2075
34.1475
49.46
47.615
53.815
53.9475
50.4975
60.0275
59.4175
75.9725
66.9025
40.245
45.34
42.16
73.8075
56.135
31.13
69.2825
69.8075
52.075
28.8225
65.56
51.3025
68.2575
43.055
43.65
32.4125
35.0725
61.025
53.805
47.3125
38.2475
37.4725
66.4125
59.1875
73.0075
35.6725
44.67
81.5625
65.86
44.045
31.775
64.305
55.185
41.17
63.1075
42.06
53.885
47.4175
70.83
64.705
60.33
43.5025
45.3525
50.655
42.4575
62.165
73.4975
63.3625
49.0775
54.64
45.0475
64.905
70.1025
58.3275
44.1975
51.435
61.9025
66.13
69.76
49.15
57.2875
40.3075
46.34
71.0075
59.5775
69.34
39.59
68.7375
50.7
52.3025
31.84
71.6
50.9875
49.4375
52.635
45.95
56.1425
30.585
49.3
56.1725
52.1125
64.955
56.3475
68.935
46.885
73.04
40.705
46.245
43.415
53.925
60.2575
44.5425
71.2025
49.1975
64.2475
79.6525
70.5775
62.5325
26.655
66.2425
45.31
59.24
37.6575
27.215
72.5525
44.685
43.435
57.3325
54.8275
38.54
67.83
53.9175
37.3875
22.3525
69.4125
29.295
74.1475
54.2475
59.1375
61.0075
46.4925
51.0025
66.6725
38.93
71.235
36.98
56.4475
40.2275
74.07
74.1025
68.1625
72.4225
66.5275
70.99
62.1725
54.545
73.255
70.1825
62.6
49.3725
40.4575
61.34
50.46
65.69
72.8
54.48
61.05
54.9875
50.68
49.645
51.665
45.8325
68.6375
43.9325
54.1875
71.045
63.4275
27.8475
50.95
62.23
56.89
62.48
49.5575
56.2775
57.07
49.075
46.2475
71.6325
56.9875
45.45
60.2125
41.1175
50.79
73.6875
67.3
40.59
54.37
52.685
71.9225
27.24
62.08
46.6375
44.8875
32.585
63.135
42.765
68.8075
32.975
37.8375
65.5175
67.9225
48.775
45.3
66.25
61.6725
72.69
67.11
46.4025
34.4425
42.6025
69.7525
28.2725
31.5775
59.255
57.5475
45.585
53.585
67.9475
50.0175
41.3175
42.68
54.7625
75.1225
86.2875
66.765
64.485
67.7675
36.62
71.265
73.41
85.1325
35.7675
63.6125
54.025
49.7425
51.9125
33.1725
75.45
73.63
42.6425
79.3225
50.225
72.235
35.4575
64.6575
45.865
45.3375
63.4175
60.72
90.495
62.665
62.6175
41.695
49.425
65.4825
70.9075
69.745
51.19
37.08
35.6675
55.5875
63.1325
71.73
47.305
55.3325
56.1875
70.63
38.405
73.7525
69.98
74.455
38.0775
72.645
54.15
53.2725
49.4775
53.1025
48.83
38.03
30.0925
82.9075
46.455
63.6775
46.54
34.665
74.7075
51.57
41.3275
50.35
47.15
41.3125
43.46
28.4475
46.1025
83.235
44.9425
68.0775
59.89
58.65
64.155
70.6025
61.84
77.55
50.7675
51.28
49.895
49.48
58.7625
67.7275
70.065
42.035
35.515
73.27
50.6975
81.6125
64.1225
52.28
51.9025
34.6025
51.8875
66.4275
21.955
32.51
70.855
73.9325
48.065
55.1875
44.6225
55.9025
67.2425
36.0
63.2925
58.8125
52.98
44.55
36.4725
53.2375
48.48
41.0825
54.2425
55.7075
46.44
51.0725
47.755
69.4
51.2
41.77
45.98
52.06
81.165
54.6675
41.8825
56.78
37.0275
78.3025
54.115
37.09
44.1675
59.045
63.9325
49.2625
29.015
43.17
48.18
59.6525
67.36
61.04
31.27
42.8075
66.42
62.7675
59.4075
43.5125
57.53
44.0225
77.1125
47.885
46.7575
61.6375
60.0775
59.4625
82.0775
79.995
51.56
55.95
52.875
63.075
33.8525
73.41
65.79
45.2775
63.8725
81.96
61.795
50.5975
73.665
59.4575
37.205
61.9075
58.72
70.365
49.845
49.805
56.8175
51.8475
78.79
57.6075
46.105
73.9075
46.0175
76.63
35.1875
58.55
59.8025
66.52
62.4825
49.89
68.8025
72.315
76.63
45.4525
39.5325
40.115
82.32
41.8575
44.93
58.665
54.295
58.6275
50.865
35.17
41.5075
67.1225
50.89
45.4375
60.915
38.98
79.7075
44.3
74.3
62.6275
37.42
84.81
50.91
54.2925
45.43
49.985
36.3325
50.9875
53.3925
40.0125
37.8325
56.285
43.695
66.645
83.2925
67.55
72.5125
41.7875
47.815
31.745
35.075
53.61
46.5325
73.5
82.0925
70.465
53.94
37.7025
70.7175
33.4425
47.515
57.895
65.3475
35.7675
55.6775
49.055
49.7075
82.2625
62.62
42.95
49.8475
81.0625
38.5525
49.25
75.5225
37.735
31.5125
74.4025
42.2375
59.83
52.565
37.44
54.6875
36.1125
55.9875
39.33
47.08
46.7825
83.0875
45.315
61.1625
79.2025
46.0625
42.21
79.7575
47.5975
75.035
53.3375
64.925
45.7
55.67
53.27
49.905
21.995
46.13
83.21
43.1675
60.7875
23.7475
61.8025
41.115
63.315
29.1275
71.6775
67.8
30.5275
26.3525
43.92
82.0475
55.3
48.4675
55.395
61.6125
75.98
47.705
29.24
74.73
79.7025
54.005
50.2725
43.82
58.9525
78.5775
79.0325
45.7725
79.1325
76.0725
67.135
69.5675
50.2375
50.1825
70.8275
62.9475
83.75875
67.465
52.585
71.3175
48.4
66.23
53.815
29.4875
42.6375
65.725
68.045
48.6825
57.3825
59.045
71.5775
69.9675
56.7775
61.12
50.29
56.2275
51.77
48.5325
70.215
63.87
14.845
75.8175
33.42
49.33
75.6425
37.055
50.75
49.53
52.8
48.69
52.525
30.2325
56.3525
67.89
33.775
46.11
88.8475
64.165
58.755
33.8075
77.215
72.7725
62.6875
51.9825
58.55
57.8325
69.175
49.275
73.605
59.5975
44.8575
57.14
53.59
69.34
77.3425
62.355
53.4525
52.505
80.875
32.86
30.375
63.9025
50.6025
52.585
64.1275
64.2675
39.165
62.695
65.5975
75.7975
37.2975
53.525
27.9125
57.7
43.11
45.3325
55.4025
42.0525
72.935
42.175
41.38
36.11
60.0825
63.0225
47.985
66.9325
49.075
35.1175
40.0575
48.475
50.295
81.29
48.79
62.1425
55.1075
59.8675
54.2775
53.71
40.2475
53.0625
58.055
79.2
53.79
58.8575
52.9225
31.1875
32.5675
62.8325
66.485
54.0925
52.0525
49.49
48.655
55.7075
44.3025
74.0075
79.525
48.8925
54.03
45.59
46.2725
40.365
36.19
52.935
56.6575
54.535
71.225
54.8225
56.74
54.375
63.62
59.8825
69.93
67.515
64.3525
53.3575
43.5425
71.6375
64.37
54.275
78.8525
69.2975
47.43
30.42
49.61
64.4475
40.4375
64.55
62.985
59.78
57.325
62.91
72.2775
54.755
52.4925
51.2525
68.59
80.4975
61.6625
57.5975
43.335
66.1575
44.6675
60.175
54.895
43.025
49.9275
58.905
48.5625
79.6875
71.3675
61.6425
81.745
59.7825
76.3925
32.3175
60.61
16.605
68.675
70.8775
36.165
60.315
56.095
48.815
42.915
44.5675
81.2125
62.0575
58.03
64.9
36.485
50.53
43.13
57.4625
53.1825
48.61
60.055
59.1125
50.925
74.4675
30.695
69.3675
39.465
69.8775
63.8925
61.2975
49.6525
46.39
45.9
70.005
60.0775
39.5375
82.7275
41.01
37.05
46.2575
66.3
47.33
37.2225
61.795
34.32
72.845
39.8925
50.0725
49.385
74.3675
56.215
43.2825
46.2525
29.8725
44.8725
38.5875
58.11
60.5725
38.49875
51.91
70.875
37.895
53.34
79.555
41.295
55.345
58.8
91.785
43.2575
58.9575
86.8725
43.725
96.7175
40.98
62.71
44.045
69.4775
43.9375
75.2625
67.65
48.7175
59.55
51.095
40.7275
51.265
61.1575
62.955
49.99
68.615
44.44
42.59
46.3225
32.855
57.235
47.595
63.355
76.6475
59.555
64.295
61.1325
71.8975
67.9075
52.295
51.4075
48.0075
50.34
46.785
32.445
77.775
38.0925
69.04
56.5525
55.0975
56.9225
59.98
59.965
73.6975
71.9625
38.0875
49.33
49.71
48.3375
52.1525
64.8075
66.4675
63.4225
64.37
84.4875
37.255
43.9375
66.225
75.5975
54.62
57.6625
24.2975
43.5975
44.8225
45.05
45.765
56.8875
62.575
54.48
42.3825
84.665
48.0325
78.1825
46.55
34.98
61.5375
65.5125
50.845
43.4425
47.2
61.45
52.045
51.8425
41.065
35.275
62.255
55.385
65.5775
64.335
45.82
54.6375
54.5325
47.1775
35.42
45.245
60.395
54.4575
44.7125
63.1075
60.8025
62.6275
36.7775
50.0
54.8875
46.7575
65.405
51.0075
48.0275
68.4
45.875
45.945
56.465
66.485
77.7
36.64
25.045
64.56
54.4675
21.1975
68.8775
45.2075
60.58
46.8075
71.37
33.9975
47.195
67.4975
40.1375
74.14
25.045
63.9225
59.5675
75.5925
36.965
54.725
55.3175
68.73
27.2125
54.775
47.3025
44.1525
65.6525
49.915
79.015
70.4925
59.3425
38.8325
23.27
68.545
74.5425
47.295
39.1025
27.72
46.4475
58.715
52.545
84.1175
55.105
46.7475
82.025
66.73
62.785
69.4475
57.2375
52.9
69.2475
63.6575
59.0425
48.2025
66.215
33.875
45.5
66.735
51.0675
38.8475
42.255
43.9925
39.3775
43.145
61.92
47.7775
31.1975
89.1625
49.2475
69.535
57.3875
74.535
44.425
47.96
55.6675
42.26
58.5825
65.82
37.62
41.71
62.485
55.3625
61.385
65.4075
55.64
78.32
37.6175
67.5725
44.8675
67.03
69.07
57.905
38.7425
56.7375
72.57
59.475
44.125
88.755
56.0425
71.6575
60.15
33.26
45.655
48.5625
31.2875
65.5175
42.1625
45.535
48.6925
40.52
57.435
52.555
76.87
66.265
52.69
68.9525
70.9725
56.835
48.965
67.6
53.805
65.5675
52.165
38.985
70.0875
41.03
48.1475
51.3275
36.9125
28.8
64.51
68.645
46.85
43.3075
65.18
36.0925
59.895
53.5125
72.4625
44.8775
42.33
38.5025
60.0425
32.2575
41.2125
53.82
56.1375
33.93
47.095
66.8125
67.515
72.68
42.115
53.5725
70.72
67.97
38.2025
54.485
51.3275
24.2475
67.605
64.0475
62.435
53.2075
45.7625
49.2925
69.73
39.61
80.49
74.1375
61.9225
33.575
44.095
56.6525
46.3175
56.69
75.6675
66.065
68.4725
41.6075
41.04
39.79
62.77
60.8875
77.79
62.3875
61.285
45.945
66.4425
58.0925
71.595
57.5925
54.3875
39.045
41.815
51.1475
70.6725
54.7475
71.78
53.075
63.9775
53.385
80.67
53.2825
77.5
44.6075
36.905
34.7675
64.8325
47.4775
47.3225
73.3025
59.415
57.3275
51.2425
32.745
43.3325
69.1425
66.3025
36.9425
49.9325
67.59
46.13
37.11
31.6375
80.75
63.0275
66.9
54.7225
31.985
63.5775
74.675
55.8425
34.3925
46.6
62.5025
60.565
64.4225
36.425
58.4
62.3775
42.1475
53.545
71.67
26.2575
55.7075
33.005
55.9425
35.93
57.15
53.8675
58.1375
58.3925
23.715
38.595
37.39
42.575
49.0075
59.09
42.255
46.145
59.55
50.8275
78.97
59.48
42.6675
63.3175
56.9525
43.9975
22.4925
44.5925
38.2475
53.7175
66.8775
68.03
42.2075
58.34
46.48
58.5725
72.68
47.5875
66.1075
32.9675
38.685
61.4825
68.44
62.045
42.415
68.53
63.735
65.7075
55.43
60.6025
41.395
45.9925
43.1475
76.91
34.2675
39.875
70.8875
41.2175
77.58
47.325
45.3575
52.3225
40.8075
38.0625
38.3525
49.725
63.7325
63.145
45.5075
56.49
55.6975
37.94
51.88
50.9025
39.995
55.415
81.9575
68.4125
43.6275
43.0075
69.3775
39.1425
47.6975
68.44
48.93
53.585
33.42
43.095
64.535
60.1125
45.08
52.27
63.75
60.1075
53.3425
69.485
48.6
48.2875
53.4425
73.0875
56.455
47.8875
65.1675
43.0375
41.2325
48.15
69.33
72.2425
56.275
40.865
28.87
54.4625
34.6525
63.315
60.5325
45.92
52.7125
70.65
59.4975
55.585
51.3025
38.645
48.385
77.83
63.2225
56.96
71.49
55.1675
37.0375
59.22
38.55
58.3125
72.895
39.3475
41.475
46.325
48.26
47.84
56.6725
53.695
28.855
54.55
63.14
72.71
73.53
67.69
73.3675
62.2975
43.4275
46.9575
60.8525
66.695
45.6975
68.5025
55.0
58.9475
47.225
38.945
50.34
60.615
29.8675
61.475
65.0525
72.215
56.5175
61.22
48.975
40.485
62.985
65.5625
64.335
66.42
60.365
38.7275
26.48
62.04
52.755
45.8525
61.58
71.7225
46.79
53.405
55.49
34.46
59.0925
58.7025
21.0025
72.545
66.2975
53.425
53.5725
53.0225
61.4475
62.1925
36.1625
37.1125
66.025
38.9325
73.5375
40.85
58.695
51.94
72.82
61.9675
54.5925
58.0575
76.8875
31.745
43.255
37.745
37.0675
48.3
64.315
49.695
46.66
58.7425
78.36
72.4675
37.4025
79.5875
49.36
69.315
56.835
63.985
41.68
64.6275
48.845
67.4225
55.9575
80.8875
77.71
57.34
55.715
47.4575
56.7675
47.5175
44.3075
60.2
56.6725
55.3475
55.5025
56.505
43.745
66.9625
64.3
49.585
75.8175
60.485
42.4225
49.1525
74.6075
60.195
55.2225
51.0925
56.92
40.82
59.3625
41.9325
58.0425
64.0075
42.325
63.88
53.6775
77.2675
57.5325
62.6375
73.2575
64.895
49.45
64.51
73.8175
47.2475
54.2425
82.485
39.6275
37.9225
52.6125
71.56
47.365
55.92
28.3225
64.4675
57.435
49.19
54.34
52.465
51.78
60.895
64.4175
64.68
45.57
47.265
48.4475
33.48
38.165
55.4
69.7975
67.9725
42.91
59.01
62.79
45.685
63.6175
61.7975
57.1625
46.9075
65.695
55.555
58.9325
49.2575
43.8475
33.5225
68.8775
67.4025
43.0325
70.40125
65.8925
60.175
67.9375
67.43
62.925
71.23
59.815
65.165
56.42
63.3875
70.9625
55.095
66.1625
54.3875
38.1375
60.525
79.4925
68.625
46.5325
42.8775
75.36
58.3375
34.0575
65.54
57.715
71.14
68.53
71.395
55.705
46.3975
48.37
30.405
35.1625
68.1625
51.645
50.1175
64.34
83.3125
58.0375
67.105
37.515
72.3475
28.895
53.7425
61.7175
47.4775
81.45
70.75
50.1475
52.7975
77.4925
50.0375
42.7175
69.6425
66.3375
56.4
64.27
75.33
33.7975
50.465
49.215
44.345
40.99
47.75
45.1625
50.3425
52.225
44.0525
65.045
70.35
65.205
42.0575
53.3375
65.2675
64.2775
53.51
54.8575
66.395
61.6925
73.4325
72.6875
67.87
52.565
38.91
68.7475
31.8225
58.4725
82.305
37.585
58.3675
51.245
59.08
39.22
72.13
68.9425
51.08
58.95
67.07
68.33
81.7475
53.4625
63.495
51.4825
65.1025
76.585
43.3275
39.33
62.7575
66.675
46.5575
47.41
48.945
66.095
52.8275
45.8375
83.2375
63.55
40.24
59.6425
55.96
49.175
93.775
57.4325
68.8975
33.2175
62.1075
55.91
70.065
51.825
85.385
53.3875
49.6225
63.255
71.5575
66.9475
61.7225
62.515
45.5425
55.0825
49.395
52.0725
55.73
60.415
60.545
61.8025
42.315
50.6425
52.895
58.45
67.3725
81.85
71.2925
78.92
51.4125
60.2825
54.37
47.375
68.895
79.245
77.8925
55.34
48.58
66.3075
45.5925
51.5975
66.2925
71.235
72.8425
50.935
52.2725
63.7325
36.1725
48.1075
39.65
49.885
66.3325
56.3275
60.0625
44.7
53.9
54.785
68.83
74.4925
83.485
39.2825
31.7325
44.7475
73.195
42.465
58.225
53.6675
69.8525
41.1275
71.395
49.2225
40.305
44.415
67.925
52.275
37.13
49.38
63.1775
60.82
28.625
48.22
45.5025
79.77
57.38
76.13
66.2
56.0525
54.3625
53.1325
83.755
62.385
70.55
53.555
51.37
79.0175
44.9525
36.0875
75.96
71.3025
58.455
54.2875
50.205
52.3175
65.12
76.36
50.8375
63.95
27.22
47.5925
44.13
47.9375
40.2475
67.67
61.1375
33.2575
69.0875
46.5
37.2
52.025
41.375
45.125
41.2625
58.365
61.5675
38.5525
68.1325
45.0675
32.7975
82.885
64.765
78.7775
20.63
63.2075
59.6525
66.69
69.23
52.6525
67.905
58.8625
56.9425
37.0
75.285
76.29
35.295
39.275
79.8175
41.8825
77.81
79.2375
84.235
48.495
61.08
56.95
57.8375
68.085
50.9325
62.4125
40.39
56.2125
58.2275
35.16
44.04
54.8125
64.9825
52.875
54.7675
57.6325
65.0375
67.295
74.8525
67.895
42.415
48.1275
41.215
57.125
50.65
56.62
32.4525
68.5325
57.475
44.7125
76.7125
37.1875
59.0025
66.6975
68.72
78.735
41.6275
37.73
54.7225
30.2125
44.035
61.135
45.81
75.1675
68.16
61.2475
67.23
71.88
67.715
52.9925
63.2875
62.09
41.2625
48.685
75.335
59.1875
40.4675
67.105
57.8575
49.4425
63.3525
53.8475
41.2125
59.8225
51.3875
45.9925
53.3725
77.905
38.6525
53.5025
47.64
59.145
42.0475
50.2825
38.2925
73.6775
33.9525
44.5925
62.7925
45.945
41.425
61.3575
50.185
51.705
58.9025
60.885
28.8875
57.9175
53.27
49.9
51.925
27.2675
52.07
35.52
23.8375
42.455
68.4425
45.76
46.39
35.77
47.615
44.3
85.6325
41.44
37.175
60.6875
74.88
61.125
74.675
60.67
68.745
73.0975
53.945
37.315
48.4775
55.53
43.4125
57.345
40.6
50.045
48.505
74.915
72.17
58.8425
72.245
43.39
34.765
44.5525
69.8575
42.2675
49.3875
67.6575
54.845
55.9725
32.9875
63.4025
63.91
69.0025
42.7525
38.35
48.3075
46.4125
20.905
26.5025
53.14
53.0325
75.435
79.0975
56.865
57.6
57.7675
52.09
50.295
51.7325
36.01
40.64
64.6975
45.0325
71.345
37.1975
66.3925
57.575
62.4275
68.195
74.8025
60.2
73.085
59.6975
68.87
46.0275
58.49
78.9125
30.4625
51.8775
70.735
47.925
68.315
59.25
73.575
51.17
65.9475
58.8725
64.5
63.7675
56.065
71.1
37.5425
49.38
50.315
68.2075
46.975
61.0675
46.7125
34.4175
56.265
71.5375
48.42
58.8825
65.905
60.9725
41.7125
59.4275
61.98
62.96
77.51
58.55
55.0575
79.61
59.515
71.5775
56.25
69.235
58.5975
53.345
83.5225
50.67
34.7675
32.9975
36.405
91.425
69.58
54.1275
58.405
74.775
59.0075
40.0625
53.3525
61.11
65.3125
45.5175
67.575
73.1825
54.7325
44.24
83.1725
65.385
36.295
65.1675
44.905
27.59
59.9775
48.8725
47.2775
47.83
50.505
53.3725
56.38
32.11
56.195
63.945
63.955
52.8175
56.37
63.2425
44.2975
54.74
70.8975
50.8925
42.9675
30.81
51.2675
83.8775
63.41
67.305
50.68
64.12
61.53
22.0475
71.565
48.6925
51.2775
45.755
70.67
46.6375
48.32
48.225
61.97
50.4775
54.6
63.175
47.9
66.2825
50.325
47.9725
55.06
49.615
43.025
70.5025
63.7675
78.2875
31.2775
46.8825
76.165
53.7225
51.305
62.1025
47.2175
65.23
40.2375
84.085
66.955
36.9075
60.4475
65.9325
50.205
40.325
43.0725
59.22
47.7525
49.9975
65.045
73.2125
59.185
64.3875
34.0725
38.1775
57.925
49.64
68.3825
42.765
41.9075
32.975
45.12
49.4825
50.38
83.61416666666666
68.7675
49.615
67.0925
68.015
56.8175
49.5325
57.0975
45.9575
65.0925
58.645
62.3025
41.895
49.4275
28.44
68.0175
46.57
58.7075
38.915
35.7
59.6375
59.6925
69.1225
77.9475
45.05
39.805
57.36
73.9375
39.6875
38.0
58.66
27.9
64.4025
39.22
59.5025
80.0575
55.375
46.2225
62.83
66.02
60.65
44.56
53.35
56.155
64.1
67.6425
35.575
56.1575
58.4175
78.7975
48.965
61.3675
89.17
41.72
74.145
74.4425
73.1725
46.26
31.4425
51.105
55.2225
45.85
52.665
55.8975
60.14
42.4275
48.31
77.7475
54.395
39.9625
48.0525
54.2825
33.995
49.475
54.2575
79.715
75.2325
53.485
67.8225
55.4325
63.1925
38.795
65.8175
63.485
41.445
40.7425
73.2775
34.795
65.9
63.5475
81.7975
49.8025
70.435
41.045
57.0475
44.7275
49.365
47.745
46.4825
49.605
68.555
36.99
73.075
36.5125
57.6425
76.585
27.8575
48.98
44.785
50.175
54.2675
76.9775
48.4075
48.5725
43.5525
64.7125
44.87
67.12
34.7325
44.865
47.59
72.7175
45.8675
45.8425
43.6075
55.815
65.36
46.725
58.8275
39.74
65.945
47.5375
74.085
35.045
61.16
37.905
57.7575
54.995
57.9
75.0075
34.905
73.9125
49.865
75.4875
49.975
65.795
78.9275
44.07
57.4375
54.3025
31.6
58.37
80.5975
60.5025
68.8175
72.2175
73.5875
39.125
36.9225
65.4225
32.51
57.785
69.6775
60.7325
54.855
63.9875
59.2275
73.44
30.37
34.81
44.2775
43.985
71.25
78.585
51.69
60.335
40.185
59.575
71.63
58.6575
75.7675
49.885
41.065
81.4625
69.2025
45.6675
46.87
69.93
33.2825
78.9875
22.705
48.2525
49.1475
50.325
42.7975
47.94
70.18
35.9575
64.9925
49.9675
72.88
55.805
47.505
66.7
63.075
61.12
66.045
73.8325
43.24
58.15
66.465
60.04
45.3225
68.09
59.9725
30.42
53.75
51.125
46.395
48.3875
32.545
64.1775
38.1825
63.0625
45.8825
52.5125
33.8725
57.2525
48.8775
40.11
54.3325
65.505
67.86
55.5375
72.9175
48.8075
44.64
58.4225
51.5875
54.6325
60.615
62.3325
36.825
48.0125
53.725
64.2325
72.0225
65.6175
55.76
69.4075
81.82
56.7875
41.58
67.885
66.3325
38.7075
51.25
55.2375
44.255
32.0525
64.735
26.55
58.575
61.645
60.83
45.5125
62.6475
44.9275
58.2375
26.48
50.4975
49.0125
73.305
53.15
64.47
70.365
62.555
37.7025
41.3975
48.3225
46.4025
40.915
65.565
28.6825
54.4
47.59
54.9825
50.465
49.415
79.8425
66.9825
35.8775
61.9675
13.8375
52.0175
55.53
70.33
48.55
55.385
48.56
74.275
52.8025
72.215
73.22
69.285
64.1
47.015
61.31
46.5675
64.2925
28.8725
78.6825
33.3575
46.7125
55.73
75.695
59.28
81.67
55.2975
63.32
50.8575
56.995
40.985
68.1575
48.31
59.415
44.275
54.4825
77.665
46.3875
42.0925
58.855
59.4675
79.325
66.165
34.1225
59.3425
59.1325
51.9125
70.12
74.7425
37.2525
77.305
73.4075
40.485
45.925
39.0775
46.32
74.1775
58.9425
36.2
60.1125
56.0675
66.1825
51.0525
44.945
73.6175
54.5
37.97
79.675
41.1575
33.75
74.4
59.675
68.0825
46.1325
57.84
50.765
74.7275
61.99
45.04
56.36
68.8825
79.705
48.6975
72.17
64.235
50.655
75.9275
65.7425
64.44
29.625
55.135
62.86083333333334
52.3875
74.54
59.8025
60.395
73.6475
66.155
55.7925
49.085
63.985
27.2
64.4175
56.9625
54.5175
52.7225
56.13
71.86
56.6775
49.1425
79.8225
73.3925
60.17
76.95
52.2025
40.7725
84.77
87.0825
57.1525
50.475
44.755
51.345
35.035
57.1675
28.9975
65.7125
69.325
67.9925
35.645
36.835
83.3525
44.2325
56.66
66.48
59.3725
40.18
64.895
63.575
89.2175
37.3525
50.8725
46.5925
54.715
33.2175
68.05
56.5575
70.4225
59.5925
54.125
50.63
47.4625
57.7325
58.81
62.1125
53.295
52.0
30.715
55.4475
77.5775
63.5775
72.7375
74.5075
53.42
43.0075
63.055
49.275
72.15
69.105
72.08
64.055
23.9975
34.645
58.98
61.9025
58.925
50.3275
69.8075
33.605
33.115
57.3275
53.22
44.7725
49.91
69.8575
55.7275
39.83
55.95
61.4225
55.7325
42.835
36.48
46.5925
80.005
38.705
71.7325
45.6825
48.305
44.7475
55.2175
46.2725
35.9075
57.18125
24.5175
65.775
54.615
71.3275
74.35
78.0175
71.6525
65.7125
31.8525
82.09
53.9175
30.395
71.07
65.8425
85.625
54.1725
32.885
45.125
63.8725
54.77
65.0425
89.9375
49.4025
67.4725
53.8475
56.85
57.3125
41.7275
44.475
52.7225
73.1625
64.525
60.4925
51.08
41.225
44.2325
48.535
48.0325
51.4575
73.8425
58.74
45.7625
74.6675
53.95
57.45
54.4225
35.725
49.7125
55.0325
53.4425
41.7
53.2125
25.1925
83.5275
67.365
55.8325
55.6925
55.185
67.94
43.1
64.7125
66.4325
66.7175
36.1225
46.4275
60.3975
55.935
69.45
64.6925
27.1275
64.88
30.2575
50.9025
72.61
38.2825
41.35
38.8825
62.7475
46.0425
58.4
84.9275
58.77
59.1625
68.815
80.0175
44.5725
65.725
58.365
61.2575
57.57
51.3075
65.68
45.8825
82.0725
69.4825
51.1175
41.155
45.6725
39.7575
36.6325
73.09
48.26
58.8775
58.305
70.955
40.9175
45.6
44.7725
74.9675
43.045
60.5375
70.395
49.3675
71.26
63.6475
40.4325
73.6325
61.8875
43.1375
58.165
58.6275
62.165
41.83
32.705
40.015
72.105
58.315
75.58
69.46
45.5275
38.5175
71.125
32.185
48.1775
54.0625
78.39
68.2175
51.4725
57.96
58.69
72.9475
45.3025
50.1425
47.2925
74.05
51.5625
35.87
49.6625
59.2925
60.8675
60.6
38.4625
61.57
58.4325
63.1125
50.02
65.1375
40.1325
43.7525
38.0325
61.5325
64.7725
65.345
53.7775
52.17
57.75
58.8575
72.355
76.795
78.815
62.3675
47.4425
63.2025
36.525
61.6775
53.2975
50.0325
50.5825
73.0175
34.52
46.9875
43.2825
45.5425
54.5625
49.6
56.4175
44.145
40.68
69.02
50.8275
63.1625
65.9775
57.025
65.585
63.5225
43.3225
39.3425
44.515
46.9775
68.9375
70.105
67.29
71.61
52.7375
69.935
51.765
48.1425
56.1125
36.3
74.86
56.19
65.0325
38.5375
71.5325
62.665
72.545
59.7525
34.095
37.72
76.1025
42.1975
61.395
63.72
47.8775
23.1475
64.8925
62.6325
58.6675
47.3125
69.885
35.9975
38.345
88.4975
57.1975
56.07
44.6725
36.155
42.7525
53.47
83.88
40.4075
40.19
61.44
73.035
46.0375
76.3275
51.15
68.865
72.8025
57.765
61.1425
79.8745
42.6975
44.7975
36.53
84.94
44.355
50.8475
56.49
59.7775
65.9625
55.13
50.5025
58.4975
41.17
75.235
67.375
74.62
56.8775
76.2375
52.2975
58.61
73.0575
40.535
64.3725
41.025
70.625
79.79
56.645
65.925
42.2875
28.1275
69.69
57.405
62.1725
66.505
71.6625
67.2025
58.4
31.12
59.74
50.33
55.365
69.2625
43.965
59.115
65.8725
86.915
70.605
65.4
56.005
50.43
56.865
62.9375
44.3125
68.795
63.0
61.09
47.83
25.1175
78.09
47.0625
54.49
57.6475
74.9325
67.2975
83.485
65.24
74.2975
67.9775
76.23
53.1825
57.575
64.52
61.5725
63.74
69.1225
62.83
64.9875
77.4225
57.7675
50.55
37.6725
58.8925
51.4625
41.2175
41.045
71.1
61.4625
65.82
72.4675
68.62
45.7375
28.025
27.505
79.82
56.8725
85.605
54.8
46.2075
50.88
58.2575
52.9025
49.87
62.7775
71.7275
48.765
71.1175
59.76
59.08
70.645
47.4425
45.74
82.0375
70.015
68.6025
72.75
47.785
61.6225
48.0475
42.18
73.09
57.8875
62.385
60.5625
31.345
49.0575
47.0
73.3325
31.175
36.795
31.9525
50.55
63.25
51.71
33.0575
71.8125
52.3775
45.86
50.9575
43.55
41.81
56.5975
50.475
33.8175
74.2325
42.455
82.7525
44.3775
45.4125
48.13
50.735
59.31
50.0675
70.89
45.1925
78.9375
71.905
43.4825
60.4375
57.5275
48.995
43.2625
95.9475
73.22
73.5375
24.4375
49.9125
76.8375
48.3725
38.2225
68.8375
52.9625
63.255
62.195
66.14
60.425
56.2725
62.5
46.995
31.305
48.1275
59.8975
45.22
58.075
64.9025
41.6175
57.98
26.595
36.795
61.885
68.9675
39.3775
72.8
46.36
35.62
54.72
51.14
44.01
56.045
69.045
57.57
47.79
93.8875
58.0325
52.62
43.095
78.0625
73.0925
55.2575
57.0475
83.1775
38.1225
47.69
53.0875
65.7325
38.1875
47.2925
66.265
73.3275
71.8725
36.03
56.87
77.7575
40.265
45.365
44.7475
81.665
74.57
40.585
74.6725
32.215
44.8875
64.4175
54.8
56.31
44.0625
65.4475
70.395
66.4775
47.88
52.02
57.4925
38.525
59.5575
39.6725
75.13
58.815
43.9825
61.4025
38.3325
46.045
60.695
55.5625
71.41
55.86
57.77
49.5425
56.515
74.22
43.8375
34.9775
66.7175
52.4675
31.3625
62.795
49.4875
38.825
63.9375
47.32
68.3475
39.1575
59.2375
63.7975
63.7975
49.9275
49.36
65.76
65.91
68.1675
80.6325
79.705
67.26
52.915
58.7575
45.7475
66.095
48.16
76.0125
81.69625
64.5975
59.4825
39.64
59.315
49.47
85.735
42.6075
48.87
67.04
48.6975
76.335
35.1725
47.395
65.22
76.9475
68.0075
62.5
75.0575
68.6475
68.4075
45.7675
60.4625
55.23
40.1225
67.02
68.6625
64.8025
52.11
50.3475
78.6375
49.265
46.6425
66.8775
52.615
49.5375
30.17
38.6675
55.9875
40.47
58.3675
51.8825
70.9425
54.1375
72.39
59.065
58.4575
49.5
44.2075
52.28
33.46
43.6
45.0025
73.7275
31.405
48.23
60.87
63.9125
58.3825
65.465
72.7325
40.0975
63.9975
73.2575
38.0125
71.7125
42.9275
47.4675
70.3175
72.44
55.0575
59.875
74.57
43.335
39.8675
75.665
21.965
73.9425
44.445
36.5125
36.3275
74.0825
50.835
38.435
47.2825
67.9225
62.325
67.9725
68.9025
46.31
58.9325
56.005
53.8525
42.43
45.4075
49.945
62.0075
69.815
51.5825
58.125
49.3375
38.4725
68.0775
54.2225
47.5375
60.3325
55.3
55.0875
41.0475
38.7825
47.075
45.66
85.42
71.79
66.4125
70.4575
59.485
77.22
44.955
39.015
30.4775
75.125
50.1975
62.26
67.5575
60.11
47.645
79.155
53.5025
43.355
74.2725
63.275
64.81
49.02
40.6125
44.495
58.93
54.725
45.425
34.1375
84.6475
63.2125
43.2025
44.3225
59.2175
33.615
43.83
40.3525
43.0575
66.9925
49.1425
45.7275
47.5925
49.6075
79.2075
61.27
48.8125
57.08666666666666
52.5275
74.6075
42.08
48.8875
65.8975
54.985
58.105
58.2275
55.4425
37.3675
64.2475
50.355
51.1975
51.3775
60.915
64.4675
55.6575
48.9325
57.66
40.8825
71.2425
69.455
54.5225
64.6775
51.905
68.24
52.8475
12.69
50.4525
74.9
49.4
60.91
70.5025
69.0975
54.9025
75.5225
62.785
58.2925
46.575
38.5825
58.7375
75.6875
34.6775
49.6225
54.6
58.345
63.9175
51.9975
59.17
46.855
66.915
45.64
63.5775
52.695
56.515
62.6625
63.775
52.565
56.8075
65.7825
78.65
56.0075
67.425
66.6025
61.135
53.26
57.11
68.9725
44.65
78.61
62.97
61.995
64.43
64.0
59.3225
55.8625
60.71
84.955
33.7425
46.6
44.2925
52.6775
41.6675
76.68
62.6425
31.6
71.1
68.5475
48.025
49.175
71.1525
65.565
54.7825
62.3225
28.455
74.9775
34.6125
73.11
86.255
52.6
63.3075
39.9075
50.51
53.13
58.3
73.825
63.5675
66.835
58.3675
61.8675
88.6025
46.7075
62.8975
48.0675
38.275
67.5225
51.3675
49.2125
55.33
50.86
54.41
57.0675
42.82
48.89
63.205
61.3375
43.3575
51.825
43.4
48.0925
59.825
59.2175
69.2525
47.7075
62.605
45.6125
42.285
78.9675
36.8825
43.87
58.2175
55.27
48.145
70.465
76.6975
46.7825
29.33
68.1975
58.0825
58.3825
62.0575
66.7975
68.8925
56.98
45.33
71.3275
26.35
43.66
46.0
35.045
42.6675
84.3775
56.3
79.1
59.9425
55.3475
60.0025
47.4425
43.8475
49.6575
36.825
31.6225
49.345
51.2425
49.8325
52.9025
47.6675
37.7975
85.09
59.1575
49.505
58.79
74.69
46.105
54.2475
37.6175
58.55
44.605
49.4625
42.4825
28.3725
70.39
25.495
54.6125
69.4325
41.675
49.5775
53.6075
80.225
46.3075
64.275
52.0625
25.61
76.9475
39.8925
71.9525
59.36
61.3875
45.35
38.3775
44.4825
60.64
43.02
46.9
77.4225
53.145
51.96
66.185
50.47
37.3925
50.115
42.64
78.09
65.6475
61.915
46.8975
50.4525
39.805
83.9225
45.66
55.1975
38.235
79.815
77.71666666666665
48.285
40.95
45.11
77.9975
55.9
67.4325
43.7475
40.555
61.6525
43.42
18.09
49.3225
63.4025
73.2175
73.4775
70.935
56.2225
45.395
37.7225
42.7575
80.0875
83.85
46.953125
79.495
61.3975
52.54
69.06
75.875
33.98
69.015
52.475
70.7225
37.3675
60.365
57.0275
66.95
48.9525
55.32
51.1025
67.845
66.8825
72.9175
34.895
68.4575
40.53
23.735
67.735
78.2125
49.69
71.6875
39.095
74.5375
65.5325
77.465
81.6425
46.7675
87.49
56.595
46.3575
55.3525
80.1925
64.1025
66.808
72.6275
74.64
50.7
50.295
55.2625
66.0725
66.5175
58.9925
65.7475
42.23
65.485
40.29
41.9025
74.7925
49.8225
46.0875
30.5725
35.5375
52.89
58.8125
60.0525
66.1225
22.315
53.7475
34.9575
30.145
64.37
72.1625
40.44
45.8975
49.1275
32.975
78.0575
33.685
46.42
63.4775
65.025
69.4875
66.2075
56.4375
67.94
56.6875
42.8175
75.47
62.8925
59.335
83.83
66.3975
74.735
51.8725
44.3525
70.24
59.0125
48.945
51.26
48.25
45.4175
47.5075
72.9225
67.09
64.2325
61.8125
40.3575
79.7125
64.3625
58.86
45.8425
56.1325
44.0425
70.0525
32.8075
61.7625
73.1875
36.4075
85.33
60.115
64.7425
57.7575
69.155
41.2875
47.725
57.555
57.6825
75.195
58.5375
55.3525
68.2625
54.845
29.78
42.4775
40.7025
39.9575
60.24
68.355
53.0975
46.9225
71.195
57.8725
44.655
64.58
75.5525
48.5875
50.9675
39.03
70.8225
62.475
39.425
50.98
36.6575
67.4425
46.875
71.3625
40.2675
61.72
74.9575
49.16
70.23
38.035
50.47
57.9125
42.29
33.935
57.7575
37.1075
57.18
58.0125
70.605
50.21
78.2975
31.695
49.4175
45.9325
66.17
49.7825
64.61
51.0225
59.05
50.195
45.0475
69.5925
61.72
65.9225
79.3225
41.835
55.235
44.7875
62.645
59.7325
36.7675
72.5375
36.6075
43.04
69.78
49.4825
48.9375
81.745
73.34
66.575
54.5175
39.27
47.8675
62.735
68.2225
87.9175
28.8275
53.5575
40.5825
66.4125
81.28
58.1725
78.315
56.6525
40.33
42.05
55.9425
65.365
73.48
49.6
79.065
52.5475
68.1725
63.705
53.3175
76.305
59.395
48.4225
59.2525
78.6575
61.4225
58.4625
71.11
49.4875
62.365
80.2825
32.375
46.8975
67.18
51.3425
75.385
29.3525
68.24
29.64
64.4825
47.7075
60.3
37.2375
57.775
50.6825
68.0325
39.27
47.2175
58.365
79.495
67.36
38.3575
46.535
63.6125
29.9675
62.0
70.0025
75.13
43.3475
76.1225
42.13
33.33
56.325
53.8
51.6
53.7375
60.5025
20.635
45.48
56.5275
53.8025
60.51
38.1325
46.39
43.56
51.91
60.2075
53.39
71.99
30.7225
78.4325
48.05
55.4525
64.5075
39.51
37.94
60.3225
46.6025
51.89
53.0675
23.6125
58.03
57.2075
64.4325
57.525
46.41
68.055
62.99
39.0625
52.3725
80.4575
44.94
47.1875
63.1525
37.975
65.655
56.3
42.655
56.13
47.6025
38.055
70.2075
58.3525
47.435
57.2525
54.58
73.9025
35.96
66.865
73.265
48.3275
43.18
64.8475
61.83
42.895
60.205
88.6175
47.53
72.225
67.135
68.315
42.24
60.65
50.8925
86.2975
64.775
66.1775
48.3575
65.925
59.2525
66.8375
73.2425
61.6675
45.8775
75.9925
49.56
79.8525
75.68
62.885
63.16
46.1725
43.85
26.1625
41.555
55.695
63.76
55.42
56.735
36.6175
45.2975
73.9975
35.77
31.8425
65.3375
45.085
62.83
47.0675
58.845
72.2675
50.135
64.8125
60.1025
40.73
79.875
67.7625
76.3575
34.6425
42.745
55.245
71.485
58.285
56.54
43.3525
70.1325
51.2025
41.7225
57.125
72.455
53.5275
40.5875
62.975
48.115
48.72
78.63
30.9375
36.9125
65.6675
62.8075
41.2025
50.325
42.1325
46.3625
98.14
48.425
31.925
74.4525
61.7625
54.58
79.7975
65.5175
54.8675
46.0575
45.3425
42.7275
59.55
61.9025
70.705
69.255
41.2775
45.5275
67.91
52.43
27.9725
49.8675
53.4325
56.2625
51.4125
56.7
61.2325
62.0725
35.3225
52.8925
74.79
50.045
49.26
51.5175
55.19
42.9025
68.9325
74.0875
56.7925
56.685
63.5225
55.7375
68.645
61.285
52.73
49.1
31.0025
60.83
60.3925
64.4675
70.0375
53.3875
58.55
56.155
61.095
82.7325
67.2125
61.6025
68.85
40.9925
47.9625
52.4075
54.3725
73.8425
62.715
41.6725
88.6025
72.4875
68.265
61.96
58.615
48.35
41.4375
65.2175
65.7025
60.2025
54.47
43.51
49.8525
42.855
60.0975
69.9525
36.705
79.9075
56.555
37.89
89.87
48.1725
40.0275
47.365
79.1
48.95
45.8075
55.015
44.145
52.4325
55.5225
52.5225
37.8575
66.1625
62.635
70.185
31.93
55.1575
41.71
41.4925
58.6275
30.095
45.3725
48.38
42.5925
76.7
36.53
69.94
71.535
57.2575
36.7975
61.6625
49.425
59.765
42.865
49.3025
63.565
60.905
51.585
50.665
16.305
88.145
41.355
52.8025
68.265
54.92
54.0375
61.21
51.3675
77.735
64.5125
66.7825
58.705
49.745
77.76
41.8175
45.365
39.05
42.77
62.9325
73.1025
35.145
48.1525
54.465
49.1775
63.9325
45.47
70.2675
45.1225
66.1825
61.9925
41.7925
52.005
69.975
56.1675
77.125
56.03
59.43375
41.9425
39.3375
36.365
77.08
86.1275
45.8175
50.775
32.06
34.1425
49.43
60.915
51.575
66.1225
54.89
47.0975
75.5175
78.015
72.3125
49.39
53.7175
51.445
50.94
58.9175
56.2525
22.1375
40.915
52.525
62.49
72.42
63.21
51.92
35.7125
56.125
33.0875
47.82
32.87
45.395
50.4225
77.88
58.1825
40.4175
46.17
63.56
30.9
58.47
65.435
61.1175
63.4575
49.7975
49.555
45.425
53.3025
53.3375
40.47
76.435
56.7925
52.8925
64.2875
64.415
58.0125
48.5375
53.1675
79.73
52.8925
59.295
42.7
66.1325
75.995
54.3625
52.5325
64.1575
50.27
65.385
64.685
68.945
57.185
67.73
72.6125
49.5725
49.425
55.8325
53.8625
53.0875
67.0575
43.4325
22.625
36.85
72.88
71.3
36.1575
66.3025
45.865
46.15
53.135
47.6425
62.805
49.51
51.415
43.475
51.515
65.0525
74.3675
40.1675
48.8625
39.345
57.0325
53.395
66.77
72.6975
19.2925
55.9825
61.9525
43.2125
66.5425
58.2825
47.92
70.5675
58.5575
41.72
47.5825
58.455
52.9725
58.665
57.8925
62.595
64.75
51.505
69.885
47.76
47.9
59.365
33.1875
66.6325
58.5925
84.995
33.7175
69.19
62.0675
59.99
22.455
68.165
59.085
46.5825
55.925
55.705
60.81
65.635
29.6875
23.195
55.6025
62.105
54.74
50.26
46.89
72.1425
47.2125
55.28
61.2075
50.565
40.625
66.0175
70.4575
85.0875
70.155
59.2
59.8225
44.9425
57.745
57.0475
72.33
64.5825
56.8975
65.8125
39.655
44.865
70.545
60.7975
47.7225
69.9725
52.755
47.5725
67.6725
53.02
62.495
62.2125
44.63
52.87
49.8425
53.3575
20.6625
65.4575
53.87
44.1125
31.3
70.9625
61.65
57.8425
36.2575
65.7925
61.55
53.305
65.8125
83.0125
37.6125
52.22
70.44
50.8275
49.74
72.455
58.265
61.3325
43.385
29.655
41.155
41.6525
45.7275
61.1625
58.5875
26.845
27.325
59.455
67.1225
37.9825
57.06
70.085
47.445
67.6075
22.7525
42.88
59.165
71.015
39.02
48.34
58.3375
56.235
62.935
59.765
74.0375
48.4575
46.915
44.6725
72.04
61.065
51.64
34.075
68.1625
57.7875
74.6875
67.8725
56.9625
50.275
69.3175
66.6475
44.4825
60.985
50.9325
44.3575
65.57
69.47
53.1225
46.465
55.135
53.4875
75.275
74.925
37.88
48.105
65.9425
43.725
57.105
40.5625
54.8625
59.0
63.3075
67.5275
42.8225
62.925
54.9375
66.175
74.245
53.725
50.77
39.555
54.7625
61.1775
80.9325
51.2
33.3325
46.085
64.77
64.36
56.4125
57.8875
65.245
62.9575
45.9025
75.1725
63.74
78.1775
45.575
79.0225
73.1475
61.93875
51.735
73.3825
61.8075
70.535
39.0725
76.865
44.4325
33.59
63.9325
70.505
59.41
71.5425
53.2825
54.9375
48.2675
55.165
47.3975
74.7125
59.1075
70.0275
45.625
48.1075
65.35
64.59
75.4575
51.37
41.52
42.565
66.2325
64.885
68.1625
67.1275
59.705
52.085
44.3075
35.77
62.5975
49.18
63.005
51.975
54.0175
59.25
65.9325
89.14
73.3375
66.275
59.3225
74.335
51.14
47.33
38.79
38.7275
77.1225
43.7525
65.6375
73.16
58.125
85.1775
62.53
69.435
61.84
46.3625
60.9225
73.0825
65.2675
74.74
56.325
68.6775
70.6475
45.83
43.21
63.11
63.0825
62.775
54.9125
49.7075
60.8425
68.6075
44.0625
76.23
28.5375
30.01
43.435
49.8525
36.795
42.74
62.03
46.005
31.33
70.9225
79.0375
45.84
64.77
47.48
44.54
79.71
47.885
60.665
49.3925
28.5975
51.14
53.075
66.42
55.635
56.315
47.4425
30.9475
41.4775
41.48
72.9975
58.38
38.23
65.6225
48.5
67.155
53.665
51.7475
51.98
49.055
60.495
73.51
52.0025
53.2625
64.9275
46.055
73.9275
71.9775
69.4175
70.345
57.015
35.9475
46.1325
55.235
40.2825
58.435
34.76
58.77
58.11
60.765
46.87
66.8225
80.1725
62.875
47.88
50.42
56.7675
41.7075
70.645
27.57
41.68
68.2825
49.445
42.685
47.1525
60.9525
60.4525
59.3725
47.04
76.5475
62.795
50.1
60.8025
72.09
52.08
34.8
44.3975
64.215
67.315
41.0675
51.6125
53.9775
79.7825
62.32
59.175
62.9675
57.61
50.6275
46.5575
72.94
60.8875
74.78
59.3325
67.41
61.4425
46.2725
46.1075
56.93
53.1325
22.6625
58.6875
75.1525
60.2775
62.9875
45.5575
47.4125
65.2625
49.6225
63.46
37.455
83.275
74.03
46.3
70.536
45.715
64.7425
43.01
58.8025
52.9825
74.0875
62.4475
54.5725
61.045
33.7175
60.7875
46.815
35.6175
41.4725
76.035
50.9975
55.465
56.0025
62.6575
69.57
33.69
55.7175
46.1575
70.415
47.805
42.6025
57.3025
38.3225
54.8775
55.2875
45.2075
47.445
56.605
53.27
26.8225
56.9325
51.41
61.565
67.55
57.1225
63.7275
63.79
42.5175
59.3175
73.0525
55.785
57.935
75.375
58.8175
51.4375
40.89
46.68
67.65
66.385
39.975
61.92
39.44
56.7225
75.0275
64.09
74.755
65.895
28.485
72.0975
41.8775
43.1525
72.545
50.4575
38.7425
51.3975
57.77
65.185
37.165
68.22
86.215
59.925
55.545
55.885
55.1325
33.7
56.8725
65.4175
37.82
64.665
53.5475
62.925
60.325
53.3175
47.205
51.925
51.9725
66.0125
69.7125
41.895
38.1975
36.5975
53.1675
46.39
60.685
38.63
71.03
40.56
46.4825
63.79
68.135
66.7575
57.4075
54.09
55.8
56.6825
73.81
42.87
52.6775
41.6275
61.77
66.4625
75.0275
76.985
53.4825
41.7175
75.7775
62.565
79.715
41.8425
54.285
56.0575
69.05
56.0175
38.7125
53.6275
55.3275
55.5125
69.9275
51.4975
68.55
42.9325
67.535
45.2075
65.49
80.0975
49.3075
56.5175
51.15
58.4325
69.0975
45.705
65.96
23.335
83.4075
60.3275
52.335
69.6425
56.0875
38.4775
84.2575
70.255
60.09
35.7475
72.75
39.48
48.02
45.9575
50.5
40.71
51.6075
69.4275
64.8025
33.8475
48.3675
54.2025
55.0875
54.83
42.1875
71.675
34.76
57.005
53.3225
64.54
71.9275
66.245
63.9075
63.6525
43.99
69.0075
26.3825
70.44
72.25
44.0075
48.06
57.105
62.9325
53.1775
69.7725
62.1175
57.5175
67.1475
71.0525
67.945
81.025
69.9275
56.705
62.965
48.9
71.4
75.57
49.835
67.34
48.575
38.245
81.475
57.47
56.4525
57.265
29.0075
39.8325
45.485
63.455
34.29
40.5125
48.305
35.1725
60.775
82.0
72.375
41.3975
83.7
58.965
58.95
64.7625
32.185
47.5625
64.9775
47.045
56.6675
64.475
54.315
76.87666666666667
65.27
44.87
48.3
79.225
59.9475
60.835
73.73
29.82
83.25
56.51
53.075
45.38
44.64
69.8925
43.92
26.565
48.145
55.5975
70.5125
54.4175
66.8775
54.4375
51.91
45.5125
44.145
59.2475
38.4975
68.3725
49.005
68.1925
50.955
33.96
76.05
44.6275
39.6475
68.5125
68.88
75.5325
69.845
45.8525
59.4675
56.995
61.91
64.9475
33.2725
40.0525
59.95
64.1825
45.65
53.9975
72.73
44.0775
51.0925
44.94
49.13
44.0475
49.1325
69.555
47.8975
45.6325
28.0625
56.9575
41.6225
54.2325
68.075
46.7025
72.355
69.84
35.695
68.2875
63.6475
65.55
67.2175
27.11
56.12
64.955
49.775
88.99
50.3025
29.5625
73.0725
66.6675
63.1825
56.485
49.0175
54.895
42.47
59.29
63.0025
52.275
66.145
42.3425
60.7175
39.6225
32.4525
66.6775
61.2525
49.1525
34.4825
88.1275
54.9125
45.055
76.51
58.4075
54.2175
68.405
61.065
67.7975
46.6425
67.8925
55.6425
53.1275
70.47
64.005
52.325
68.47
68.1675
55.6975
56.0175
59.71
56.2575
70.14
63.425
55.0475
30.43
65.9575
75.04
71.3475
39.7
61.7575
47.155
59.17
68.74
56.9475
43.8675
40.625
37.915
51.9175
49.245
62.13
47.52
36.1325
40.29
27.7375
45.0175
71.1625
67.2675
51.79
48.3375
53.555
43.6675
76.1025
31.8625
61.4425
65.1825
45.0425
49.24
71.5775
57.195
70.31375
67.76
54.8975
39.8175
59.255
31.0325
59.4975
77.47
35.0975
37.9325
57.6325
50.4225
35.6675
56.955
71.6125
40.5875
54.25
53.2775
76.22
55.7
48.405
47.02
47.1775
67.71
45.5275
55.675
40.4825
65.57
51.705
35.91
66.86
73.3025
54.635
73.345
46.2775
67.215
66.5425
41.9975
48.795
33.1425
49.115
71.8975
48.1925
38.445
63.845
45.6425
60.1175
42.2175
65.75
47.335
43.6325
63.0325
49.685
55.75
46.97
74.355
44.44416666666667
49.1375
50.0325
41.4075
60.1125
48.955
42.3475
68.7125
60.7975
55.785
52.6975
83.835
35.5475
16.7025
41.95
82.6425
46.2575
40.7475
71.0475
43.66
62.5025
55.615
65.165
34.6775
59.9425
36.5325
31.8325
61.4575
28.3875
43.5925
50.165
82.7075
65.66
45.39
58.245
81.91
24.3875
37.97
69.62
76.0425
65.7125
55.465
57.7575
56.26
47.295
45.52
52.59
64.14
61.38
74.5475
53.3675
69.495
62.83
77.3475
48.8325
60.2475
58.1475
54.0625
55.9925
70.4925
38.62
61.11
58.1025
31.1575
77.9175
52.06
39.4875
71.9225
45.0825
59.535
75.1275
62.22
78.1325
68.6975
87.975
48.72
85.465
65.9275
69.1475
68.5675
66.5575
79.585
58.65
51.8425
44.6175
64.6325
45.0825
31.125
54.2725
54.24
68.53
90.8125
45.52
51.0975
54.19
55.1775
34.815
72.3475
55.1775
43.285
32.6325
44.8975
69.5025
55.4225
51.485
64.265
69.2175
54.9875
51.065
63.255
53.6825
51.7275
52.5025
44.415
72.375
74.71
82.08
53.14
72.8775
59.6475
50.9025
56.3525
49.61
40.7175
69.2525
60.0225
69.44
81.11
81.1275
43.9975
47.995
54.3025
74.67
42.9025
37.6375
62.2675
66.875
45.235
53.8425
49.6775
71.835
60.5475
46.7925
93.3975
69.0175
55.185
48.6125
30.385
51.8825
58.365
50.4075
57.0475
67.655
65.7475
57.31
66.245
59.0825
58.3175
52.385
58.7175
35.6475
42.035
41.2875
58.2425
35.03
50.0725
48.12
61.335
55.68
75.9825
50.4175
55.585
46.9425
41.7025
60.6025
39.17
57.0725
38.185
35.145
34.7025
56.8675
48.63
61.12
76.8425
50.0425
71.275
85.2625
50.82
78.3475
47.9075
54.69
44.2475
63.685
44.4625
45.2925
46.45
51.6
32.39
59.54
41.0725
69.9475
62.06
74.405
76.7075
44.7625
55.435
64.2325
72.58
39.07
29.995
37.04
59.175
81.9675
58.04
46.9225
82.0525
45.57
40.5675
74.27
74.8275
79.085
42.75
50.3525
62.525
73.805
71.535
66.405
41.595
42.99
57.25
51.48
63.29
58.11
66.655
32.315
65.3575
74.3675
59.02
41.81
50.765
44.7625
51.6375
44.3675
74.3525
55.98
42.51
26.79
34.8625
32.4825
16.78
31.5025
38.655
47.945
80.035
45.41
33.4875
43.485
38.22
62.3325
49.92
60.5475
60.63
33.0725
36.4525
26.645
43.9525
53.7375
43.76
42.415
66.8675
78.325
64.925
55.735
40.525
74.915
37.08
67.57
60.2775
51.605
55.4025
55.745
49.97
45.065
49.9925
49.7625
56.2175
39.5625
50.28
43.7725
67.9725
35.2775
54.625
39.9225
56.7625
57.85
35.59
48.1775
64.81
46.5375
73.705
67.6175
59.37
84.9575
48.21
48.9075
38.0525
71.8925
41.4775
47.9825
56.1475
66.9275
66.42
50.695
49.1275
43.7975
45.35
47.71
46.1275
60.14
47.79
55.9875
50.73
45.7475
47.475
37.94
59.94
46.6075
55.8
44.6125
44.5725
52.4975
59.765
71.4675
79.6175
58.96
66.4675
59.9325
50.565
60.5325
68.495
79.5475
28.4625
76.7375
45.2175
35.7475
38.385
57.0575
46.445
59.165
75.82
68.7
81.565
74.2825
42.14
54.4475
50.9325
69.8975
68.92
33.3175
64.505
46.9775
44.76
66.0575
61.2325
49.015
63.6525
75.005
58.375
70.195
46.9475
62.14
67.2875
42.525
47.12
52.73
78.3125
49.92
52.6125
56.7825
74.505
36.23
35.6375
65.605
75.3725
40.065
67.5
72.1275
41.8175
70.3175
50.8575
25.34
62.145
64.27
60.8075
55.6325
69.275
31.305
67.7425
45.125
83.98
54.8125
49.3625
56.7
49.2675
65.04
59.5625
80.8025
48.7025
65.6025
81.235
66.65
54.6025
36.1125
65.3775
50.4425
63.2475
50.1225
43.88
36.9475
58.7225
65.455
46.0175
48.7775
30.985
45.2525
47.9225
48.9475
63.8925
38.0675
45.725
40.1375
54.615
74.1975
70.03
59.7575
58.455
60.1475
63.715
38.615
54.02
77.2925
51.225
52.1425
52.6475
42.31
53.245
79.0925
48.1975
56.1325
72.8625
47.655
54.4775
40.0425
73.3475
34.5275
59.995
41.9425
41.6625
62.2225
85.8975
49.2525
67.7825
58.9925
65.3475
44.405
67.0775
41.51
49.6175
52.495
44.755
78.8725
52.1175
49.45
55.25
77.7425
47.865
84.4425
49.7
67.745
70.3
70.05
59.8275
51.2475
65.075
64.42
57.3675
65.4375
59.9175
57.36
49.36
53.5325
86.21
65.265
59.8975
55.905
53.3825
72.205
53.85
82.6175
47.7575
63.565
51.06
55.87
51.785
40.25
74.29
77.88
64.3175
42.3525
35.1425
56.245
47.4975
45.045
43.925
51.14
67.745
80.42
66.905
49.095
42.465
65.675
66.4075
55.5725
49.2925
43.325
46.1025
51.29
66.27
87.7775
42.7975
73.24
64.1025
77.0275
40.3525
54.2225
37.69
29.5125
56.12
61.6675
57.0125
81.4825
49.975
46.055
72.9575
54.2425
31.9425
58.56
64.495
61.3475
47.2875
47.08
70.1075
59.5725
55.01
55.8575
60.0075
59.79
48.6925
62.195
77.805
63.2725
56.475
78.6425
47.1675
35.7825
52.605
29.29
81.7975
41.0275
61.2025
68.3875
23.2425
60.305
35.52
40.515
67.7375
68.1975
43.2475
66.40875
52.3975
76.325
72.8425
58.9875
86.6625
73.1925
48.1325
61.0775
45.2
49.8525
54.49
45.31
64.8525
50.835
81.8475
47.595
61.55
71.335
77.3175
31.82
93.865
68.33
45.835
46.175
68.49
48.3625
58.1175
65.475
71.5325
63.555
45.6075
58.8975
74.55
53.3175
67.85
44.4
36.0625
59.815
62.04
45.4825
77.64
44.7025
69.1325
47.8625
56.2225
58.03
78.2875
46.52
65.315
39.7
44.83
32.44
36.3075
56.59
73.1475
63.2125
44.6925
59.42
33.155
63.56
30.5025
49.3725
39.7825
69.015
41.02
43.0875
38.4475
50.64
33.8675
45.15
50.6475
35.235
53.115
44.05
40.665
67.8825
60.145
36.6175
57.245
43.1325
23.7825
39.88
48.705
35.4025
58.0675
65.0025
21.74
53.115
59.405
64.0575
79.1525
46.53
48.3025
43.905
59.3075
59.0025
48.6375
46.165
50.055
57.635
46.8325
36.33
73.6975
49.4625
69.6775
73.2375
39.36
65.5975
54.54
67.2225
67.14
55.615
68.24
68.02
73.4675
61.3125
44.395
44.01
67.9375
62.2275
50.05
66.5325
54.55
45.6625
59.0625
42.005
65.3275
41.0325
62.6375
34.6375
25.56
55.0525
40.925
54.3525
63.62
71.8725
39.4
65.84
50.3375
60.9675
75.6625
55.2875
69.215
39.8825
79.855
73.5625
57.11
70.1075
44.985
68.66
42.88
71.6775
59.2475
55.7675
69.08
56.1375
56.4125
49.055
58.265
47.335
46.5025
79.275
46.265
43.0875
40.415
60.59
70.745
59.01
49.6
51.9575
49.195
70.6675
33.5775
39.5975
69.49
45.42
46.1675
61.2775
62.3175
55.095
54.5525
45.5075
58.5575
43.6975
38.0825
64.3325
67.6475
49.6975
44.93
49.545
54.5525
48.0125
58.625
74.0975
64.395
65.6475
42.615
25.5175
58.355
44.895
64.72
61.6875
69.7625
75.45
49.455
67.9475
52.7025
41.1525
54.46
38.17
51.2725
76.74
42.9875
54.69
60.6525
58.8475
51.7625
46.5275
69.245
55.6225
54.37
76.9475
64.21
64.6875
40.4725
35.865
78.4625
39.5025
69.1325
63.9225
24.2925
39.85
69.8625
38.2975
33.335
66.835
56.53
34.2575
53.3575
61.9775
52.7175
64.81
61.0475
52.49
44.8275
67.865
63.8625
77.005
47.8375
53.4325
48.94
72.8725
56.2275
63.66
82.1875
39.335
43.505
37.6975
45.735
58.8125
60.575
51.6375
58.815
40.305
57.255
76.4025
17.93
65.88
52.8325
53.16
39.3625
47.9225
46.165
59.485
76.675
77.665
69.9
45.3575
36.0725
53.755
71.9875
65.0625
73.68
53.25
56.9325
79.945
43.4225
46.9375
97.5675
57.8075
62.1475
79.095
74.2325
37.89
33.3
64.71
53.9825
56.2
36.2
35.035
85.0575
42.1
41.455
68.1375
41.6375
34.64
78.3175
73.955
54.68
44.5375
63.425
47.07
44.64
58.67
57.3525
57.215
45.275
56.0075
55.61
58.67
65.375
53.555
59.1325
17.6125
37.2475
65.6875
46.04
51.6
48.38
74.225
38.3375
25.325
70.5275
69.075
32.51
67.2475
54.01
61.945
48.455
48.3275
58.5475
44.9725
63.01
30.195
66.865
83.465
40.2825
50.955
26.52
76.2525
55.065
56.1825
46.69
68.1675
36.805
51.3675
58.4375
23.21
69.3975
80.1025
47.285
62.74
45.2175
62.9325
53.7925
48.6725
48.87
34.29
73.2425
44.655
47.85
55.9675
27.01
38.39
31.27
50.1625
37.84
57.0525
72.0125
51.1525
67.555
48.3425
71.485
53.0675
56.3775
62.4575
46.3475
57.78
45.32
24.3025
57.0
39.0275
58.155
46.425
48.5025
86.4925
82.34
56.925
42.255
52.6075
69.705
44.735
40.355
78.265
65.9325
37.155
55.6
45.35
36.7625
60.8875
49.5625
61.7275
64.4025
66.6625
55.355
27.375
41.2475
54.745
68.3375
46.045
61.865
60.96625
50.145
42.075
61.705
56.9
56.9125
67.805
52.7475
62.6975
63.345
58.945
65.295
57.9225
66.1975
57.1675
72.145
63.3375
61.97
55.725
64.5225
72.3725
39.52
68.25
67.015
46.775
45.165
59.3
70.165
66.7375
29.3425
51.1775
62.755
55.65
72.4025
56.4875
69.29
79.04
55.685
49.68
51.7425
66.645
27.245
42.0
67.585
75.5525
72.9525
40.75
50.0675
61.135
77.2275
75.8
50.375
66.1225
67.39
26.16
59.515
66.0875
66.5025
65.895
70.8375
76.9325
80.2425
37.6625
62.89
39.165
68.7075
73.62
69.745
51.315
58.4425
58.095
58.2175
52.2725
49.2925
42.3975
49.47
33.065
60.275
53.35
62.7875
65.2675
62.96
72.72
39.87
47.4925
59.015
66.3225
36.5725
58.67
82.6475
60.7325
75.415
67.0525
47.265
60.155
56.5525
53.07
63.255
75.3325
51.845
42.9125
50.8675
37.64
47.1675
44.46
52.7425
45.9
83.44
44.195
37.84
61.2775
71.5325
74.965
52.1025
62.5325
45.2
54.1125
64.6025
43.35
61.655
43.9425
73.525
36.055
56.7625
75.1375
50.1425
54.9575
76.3175
66.6325
56.0525
52.4625
54.225
39.145
77.7325
36.6925
29.18
62.3425
45.1875
29.975
44.7725
50.405
36.58
41.96
45.915
47.03
49.165
65.525
54.1125
60.775
63.895
63.3975
65.5725
62.1425
70.9525
66.4475
71.635
68.83
57.0525
46.6075
47.8125
44.8075
44.41
47.99
48.8775
56.5425
68.3
46.025
67.6225
45.1425
48.3825
44.52
41.705
48.8375
54.925
37.025
49.6925
39.5025
63.6225
76.035
85.7675
56.12
73.885
38.85
44.465
56.3
74.4175
58.2175
63.9175
47.0
51.5
65.915
38.1875
34.545
45.2075
58.47
57.225
68.285
66.5975
44.9325
25.9475
60.0675
49.8275
47.39
78.2775
62.805
39.1825
43.585
44.595
59.7125
47.1875
54.14
54.1375
63.175
39.3575
44.6
60.4525
58.675
44.56
72.6225
60.8625
41.03
70.13
37.1275
40.4075
61.595
76.425
39.5025
46.6825
56.875
62.1775
35.3375
57.0075
70.7575
57.89
49.71
50.8525
39.7275
34.9125
51.4575
58.6775
46.9025
41.935
44.3775
71.1725
63.575
61.8825
85.8475
55.105
49.155
54.7325
73.1025
71.6475
53.7525
45.135
59.075
44.89
58.995
59.57
57.61
53.45
82.63
51.4175
59.7975
70.6475
54.3075
43.19
47.35
38.0275
54.28
47.5225
79.885
43.180625
67.79
76.7875
43.27
69.19
65.68
64.11
51.17
42.0125
66.9925
66.665
68.0325
73.5425
51.8075
55.75
40.22
50.98
77.03
52.0225
84.3025
51.5325
72.7375
43.16
65.2025
45.4175
64.975
37.33
50.5325
67.935
46.0525
70.5275
42.99
63.93
64.1
60.4575
62.2125
51.3175
59.1825
54.485
69.0125
36.6075
34.0125
46.44
58.9
40.265
57.06
52.915
38.015
80.2575
64.02
62.8775
51.335
63.375
40.045
67.49
75.0575
61.05
42.99
56.935
80.74
63.4225
57.93
56.21
54.0325
75.5425
56.2125
56.65
45.51
48.8925
43.755
51.9875
39.86
27.535
56.3775
46.315
45.895
75.805
71.75
50.675
71.2275
59.49
54.9125
73.47
68.83
71.7375
52.2725
77.4275
42.6
49.0825
55.7625
29.85
74.8225
48.6
52.965
62.825
36.7875
59.9725
32.73
38.7075
71.5925
62.955
37.945
74.335
58.6725
38.065
48.4275
73.1775
48.32
62.165
68.6525
66.53
54.83
71.6575
69.0025
65.145
44.55
63.6875
53.3
36.73
53.605
56.55
44.96
52.5125
67.75
61.1575
39.95
47.5375
53.52
59.5175
76.255
46.15
41.3675
35.3
55.7825
54.5075
59.565
53.9025
66.7775
72.19
66.655
55.9775
68.635
48.9175
43.61
67.2475
62.2125
68.93
60.56
47.8875
30.82
38.0725
44.74
71.595
72.995
35.7575
31.82
81.395
64.8225
38.84
60.045
76.7175
45.5225
62.9675
68.9575
43.3575
63.3525
57.085
68.09
53.18
65.23
42.2425
42.8725
65.5225
71.6325
66.995
42.925
56.99
46.31
54.585
58.285
69.195
51.38
58.015
55.9625
74.5625
42.335
37.715
49.41
68.1225
54.3525
51.91
39.7525
59.38
56.6775
73.73
31.555
60.0575
44.4925
53.98
46.305
65.22
73.2275
53.95
58.3825
54.005
61.055
52.6925
82.6975
50.345
43.055
46.595
65.0425
54.7925
58.4125
54.7625
64.7325
46.8675
54.33
76.7175
37.425
42.8525
62.9675
61.2425
59.865
63.59
56.5425
46.7
63.6525
73.075
84.44
51.5975
80.965
63.215
69.4375
61.6375
68.975
46.3725
59.0775
67.7775
46.2
66.9725
76.795
65.2075
52.955
75.58
52.835
71.4825
38.3325
84.155
48.3
21.715
55.83
50.6475
42.9375
38.1075
57.2875
44.76
45.0325
72.055
62.9275
54.8525
41.95
57.51
57.88
60.5175
28.1625
67.0775
31.91
61.765
69.4975
30.2825
43.975
50.9075
53.9075
54.1825
69.7725
62.37
75.135
59.865
72.9875
52.3025
43.765
69.2275
72.985
46.855
81.505
78.5975
87.54
43.4775
33.9375
76.3825
58.1875
63.625
39.075
67.895
57.3025
54.9725
88.3675
49.8425
65.3225
36.9525
64.1175
42.9075
44.565
74.7275
30.7925
40.84
52.075
36.6125
76.49
34.81
40.3325
49.8625
42.47
49.82
52.43
73.4175
70.6525
47.565
34.71
54.1175
35.8425
51.1125
42.7925
78.7425
60.4225
61.455
42.365
54.675
58.9225
58.785
63.645
57.34
42.725
43.8275
85.5075
58.42
58.3775
76.49416666666667
62.6875
38.085
53.56
42.9725
50.47
56.825
45.3475
59.66
69.1875
41.3225
64.6675
82.0275
71.6375
63.615
56.6175
57.1425
63.34
27.885
79.88
44.94
40.0125
76.91
49.14
45.3725
47.575
47.165
44.5725
63.915
58.3325
63.3375
52.9875
53.385
83.0625
54.3375
73.0375
34.62
60.655
70.4625
60.39
54.6625
52.2025
54.1375
36.08
58.835
77.18
58.0975
41.295
61.8225
60.4675
33.7525
60.7475
76.2025
77.715
75.5475
43.6425
70.095
65.5025
41.4675
40.0325
54.345
48.455
57.35
51.195
64.3225
52.745
69.61
37.3925
70.165
69.2425
54.2925
67.0125
54.9975
44.735
70.66
35.26
83.255
67.3375
47.29
83.0875
50.2675
64.175
53.135
69.4125
67.27
36.785
37.12
57.6625
48.65
57.33
51.9025
46.1375
61.7325
55.735
79.05
46.4375
32.2625
76.41
56.925
64.2025
41.075
59.3675
49.5975
50.05
46.61
52.845
32.825
64.525
64.97
68.11
56.235
70.9375
73.945
68.63
59.9125
65.2025
45.4825
55.195
46.675
78.705
60.38
60.5675
54.4325
44.4875
68.05
67.17
63.705
53.36
58.685
70.315
52.595
42.0275
40.7875
62.4875
38.91
74.325
53.215
56.4
22.6475
51.225
62.7825
26.67
48.0725
50.9725
72.8025
69.6375
69.5375
68.3175
59.88
58.08
79.41
64.79
75.195
70.8875
70.8475
79.985
35.86
84.0525
75.1525
49.165
64.585
32.105
52.6575
73.505
79.515
68.795
48.9325
48.6925
32.28
49.215
71.95
66.6475
59.29
52.3225
52.705
71.4575
69.63
46.255
57.1575
78.925
59.625
49.73
31.805
71.12
64.93
67.305
49.325
32.7275
75.86
72.34
45.1525
40.545
71.0575
69.3775
64.6375
50.98
59.6
32.8225
50.845
37.045
64.535
82.8125
60.295
54.79
36.975
75.2025
34.76
65.4375
53.65
99.6375
71.465
64.6675
59.35
43.25
62.1375
23.635
34.9525
59.335
68.7175
39.1025
43.005
56.9475
57.4425
47.4175
60.5
42.2175
68.325
28.78
63.19
54.6525
63.2475
44.1475
67.075
48.525
60.0125
63.2575
60.5825
43.39
69.08
54.5725
43.91
78.045
69.6125
55.87291666666666
55.3725
43.0125
56.79
31.8725
49.6975
55.6775
54.935
68.0225
63.64
39.975
66.46
53.9325
40.0325
64.5025
71.0925
64.0175
70.675
73.4225
38.58
67.7225
45.21
88.885
51.9275
20.5775
44.6
51.245
49.4625
80.2775
39.6075
40.2975
42.98
48.255
40.7275
67.3225
67.9225
45.9875
41.485
66.57
48.5525
57.7675
74.4925
68.5525
68.57
66.27
41.115
57.215
58.195
69.515
71.9975
51.7275
27.6725
68.145
47.795
61.175
53.825
66.085
84.6125
61.4325
46.45
59.76
47.7775
73.125
65.77
52.1175
65.8425
62.835
50.46
41.705
40.12
59.4625
50.04
69.3125
51.23
57.7825
36.1225
57.375
58.325
44.3825
40.6625
50.29
45.4525
74.3275
41.84
52.04
41.4725
56.04
57.875
70.13
46.7625
83.6175
56.295
45.74
52.825
71.365
59.5075
56.5925
53.7725
56.5075
78.035
49.14
68.9375
53.8575
38.0
53.645
45.4575
57.235
45.825
53.93
64.7525
23.205
83.91
33.035
55.315
46.1675
76.4975
74.105
56.1475
33.03
69.875
56.1125
32.825
59.99
34.7375
46.8825
46.81
39.3525
29.4
27.755
46.7775
36.56
26.325
68.625
70.39
58.0125
36.675
70.29
50.24
42.13
66.575
48.06
54.9625
71.7775
67.6175
73.95
23.125
64.84
59.26
71.2025
55.12
70.1275
54.78
61.1375
69.62
50.8525
69.6825
79.8375
59.91
72.1075
54.4925
64.68
47.065
71.32
60.2225
73.4025
36.9
49.5825
42.7375
48.3725
20.3875
51.27
72.455
46.68
65.79
50.9525
56.255
34.7275
55.965
49.13
66.0575
58.9075
85.84
69.8775
42.89
47.625
31.1825
65.5675
56.67
42.3625
67.21
59.05
52.94
44.185
71.85
77.25125
58.475
67.8
28.175
62.0025
65.135
71.51
43.3375
67.7825
81.15
44.2925
76.2425
39.535
62.585
68.87
51.1825
43.1
33.52
65.56
58.0675
59.8325
48.8125
50.78
39.03
41.9825
22.54
42.485
53.595
54.0425
56.6625
39.79
67.26
62.105
60.3675
53.4075
43.705
42.895
44.2375
55.515
31.0675
38.06
50.0425
55.5575
49.345
81.9775
38.9775
76.74
34.46
57.16
56.69
57.4125
51.19
44.6675
47.0775
42.1725
70.4825
82.8225
41.1225
47.1225
40.985
64.5875
37.07
67.96
55.615
66.06
70.0225
69.6275
55.09
48.3425
32.6275
35.5725
54.59
47.575
48.5575
47.495
57.925
33.8225
47.265
64.71
38.6
73.3425
50.6425
68.96
80.7
76.0175
47.1425
29.455
44.085
55.505
66.09
42.9675
80.2775
53.5725
31.94
66.98
35.515
67.59
38.5625
45.68
59.7775
37.5025
63.8875
57.515
47.5675
74.175
56.1025
63.81
47.755
79.385
66.0125
62.96
66.045
43.3225
40.925
68.09
58.5125
55.8325
78.8025
64.7075
78.5225
74.23
61.435
57.2325
58.8075
70.18
62.155
64.16
33.535
45.7675
45.5825
34.3625
65.0425
65.67
46.9925
31.545
54.965
73.8675
53.765
82.01
69.4925
50.875
65.275
64.705
40.7775
59.23
50.3925
44.37
52.445
54.725
64.32
44.91
74.7475
70.49
27.54
51.3075
54.465
55.515
63.665
56.7875
57.03
40.9175
83.23
43.7725
58.8975
42.2375
52.5875
33.195
65.0675
35.4725
63.085
54.35
70.1025
42.4725
66.4975
52.7775
36.415
68.93
64.5825
45.4025
63.0875
62.9975
78.0625
62.5425
41.48
67.2175
72.8675
51.9475
45.6975
45.3725
55.545
35.0
34.2225
52.245
54.025
57.97
36.5
42.81
72.05
58.0275
42.4425
42.2425
43.8625
73.0575
40.275
59.01
42.7725
54.7125
51.5875
66.35
64.5175
56.9425
58.3875
79.59
48.0025
52.1525
65.0
45.4925
49.4675
63.5125
79.69
32.04
58.025
81.8225
60.3925
31.8825
43.2675
37.0775
80.84
61.0325
58.0625
48.3475
42.6275
73.515
45.465
57.225
76.425
66.805
71.515
75.525
59.41
36.5575
47.74
78.9
52.7325
50.81
42.3
49.8925
53.445
73.8825
47.29
86.17
51.1475
65.1275
61.06
54.2175
60.6275
51.1175
33.545
41.4275
69.68125
59.7475
56.6875
66.1375
63.8775
70.66
53.38
31.6475
64.13
65.8275
59.9625
70.625
34.9325
57.9025
57.9375
51.8575
72.8
39.6875
51.1875
67.9
43.045
69.535
64.8875
36.465
49.2775
45.425
79.7725
60.595
52.005
49.425
36.9875
54.3175
65.14
23.3225
59.8375
74.63
44.5025
69.205
58.88
55.665
40.315
64.8975
56.0025
44.145
64.69
60.1125
59.7925
23.625
32.3925
36.58
53.95
55.5325
74.135
51.0475
81.395
39.28
75.3425
40.6
45.5975
75.245
67.0625
56.865
39.245
71.765
46.3225
52.9525
60.605
68.9375
35.5725
56.1575
50.795
43.3
74.29
74.585
39.8575
47.33
80.5875
26.115
62.71
29.5375
53.2775
50.5875
55.755
24.0325
71.855
68.9175
66.55
55.0625
62.9725
58.1075
31.465
51.28
60.305
50.6825
41.3175
54.4825
67.6925
70.5675
71.815
51.1675
44.425
71.3625
85.8575
59.605
42.6775
51.05
46.9975
48.4275
65.8175
41.8
35.7475
72.7175
62.415
57.9075
61.8675
53.2825
36.3875
44.745
64.42
38.5
48.3375
63.4375
48.0125
58.0
69.6025
42.25
55.305
60.595
52.485
66.595
54.7175
53.77
49.2175
47.0225
54.1325
35.6725
74.0075
60.88
43.495
68.975
31.5325
62.36
56.0
53.7975
55.515
74.33
41.29
55.86
65.8525
62.9375
50.7125
47.11
79.7325
60.195
57.2725
57.8675
34.005
58.55
66.61
69.5025
73.83
74.0025
69.385
57.375
68.5225
48.61
62.8975
38.7275
72.9375
43.54
48.5
51.4375
45.155
63.825
35.4175
68.045
69.155
68.69
54.9475
60.605
57.6475
78.1325
75.1925
35.455
57.74
70.0425
41.1125
77.1
78.005
52.92
45.0975
35.025
34.745
57.985
73.515
75.825
74.15
76.34
39.01
76.1225
57.2375
76.1775
39.3825
46.975
46.03
74.8925
50.0775
45.445
78.0475
58.0625
53.475
39.17
48.085
50.98
51.255
62.195
58.64
49.5875
77.3125
75.2825
44.12
23.92
46.7625
45.9475
53.1525
68.7
56.4925
58.785
61.105
71.5975
69.56
67.6475
51.63
65.805
40.4675
62.295
65.075
50.475
57.61
51.8175
66.55
50.395
67.8925
53.4525
67.97
46.8425
73.9125
57.07
69.545
51.4475
44.4275
45.405
60.6825
31.28
44.9125
46.8125
70.1275
38.2275
38.585
71.95
34.8425
48.8475
63.595
62.0125
45.54
72.04
35.2225
48.0625
53.133
54.0275
49.445
54.12
62.965
59.8725
59.3575
28.925
54.48
45.735
78.2575
59.4025
38.0125
67.18
68.9325
53.6425
47.425
73.51
69.475
93.22
59.9225
74.2975
48.415
54.75
54.905
33.5525
54.025
45.1275
54.0625
45.945
37.6325
61.5075
41.195
53.565
76.945
75.165
65.1825
58.5025
49.97
45.98
41.2425
40.4275
48.4275
61.9675
63.705
46.5325
53.7225
34.59
70.8125
53.165
51.5475
56.6725
48.53
36.89
43.825
48.355
37.3775
28.0075
65.7425
52.9875
67.005
65.38
67.465
80.185
52.68
43.5325
23.5975
36.975
71.4275
50.57
51.785
79.865
83.93
47.925
70.9125
33.0725
48.2275
55.5175
60.5525
61.7385
89.3975
72.55
68.6925
33.5525
52.61
54.6825
49.825
48.5075
30.7325
66.095
59.175
62.6425
49.1725
86.525
46.29
72.8125
44.3975
67.865
64.65
50.1625
59.2875
43.6925
65.1175
66.275
57.04
28.8825
60.4325
64.8625
40.0775
55.175
62.895
72.6375
56.21
61.86
39.6725
69.8625
69.8475
58.5275
27.7425
58.2075
71.2425
67.2
32.045
69.855
63.685
83.1775
60.37
42.0875
42.9075
54.985
66.5475
31.46
46.4
65.06
63.305
53.4225
64.2225
57.825
81.3475
70.405
65.715
59.785
77.54
39.075
68.6075
72.63
60.8575
44.915
47.8325
45.2225
73.0925
65.9875
34.2375
70.7325
50.2925
34.755
31.46
75.8425
28.0475
56.5225
64.18
37.525
51.0825
43.625
82.245
56.475
56.99
45.4275
50.25
44.8025
64.295
33.89
67.13
55.46
50.075
55.91
43.4
27.77
43.2675
50.0925
54.2875
40.8175
53.75
73.035
47.2375
55.3225
72.815
78.9325
36.5225
61.68
63.8475
39.02
70.3975
59.2425
88.895
50.925
59.8325
58.375
56.565
61.5875
68.59
66.42
50.6
67.93
74.235
53.385
41.1125
51.6225
65.3925
81.3025
78.2775
48.065
25.805
58.1775
54.0875
48.8575
56.105
42.42
56.4825
61.705
50.5575
46.2875
56.4375
65.2525
70.085
28.7675
55.0475
62.58
32.0175
44.595
73.3975
63.0525
57.4775
58.4125
73.8375
57.285
68.95
50.4
70.985
26.445
49.0375
84.5525
54.4275
67.505
48.9025
78.54
69.625
61.53
46.8475
67.105
66.885
32.34
59.96
45.055
50.4575
55.705
40.4975
65.9825
48.3925
60.8275
21.3925
87.6175
62.57
62.67
52.5975
62.715
31.645
44.3325
67.9025
31.695
55.1925
49.4375
46.625
42.2225
61.9425
67.1175
72.835
48.5325
43.815
59.9175
64.725
53.6875
33.6525
59.565
65.25
41.295
48.6675
51.5675
38.755
56.95
72.225
54.2325
46.43
70.33
44.565
47.1325
74.645
60.5975
61.4925
69.675
70.115
40.1925
75.3625
43.2475
44.0025
70.8725
54.29
48.2975
27.325
69.965
58.0125
62.54
52.3575
73.565
50.5875
58.9525
58.715
50.14
43.425
50.605
51.1925
59.605
53.91
63.8575
64.3175
53.5275
31.57
41.88
45.25
47.8125
36.6825
46.3375
48.965
66.2375
45.1
42.2
50.495
27.72
56.435
43.38
55.925
85.6875
49.285
59.9175
33.05
46.8975
82.775
66.715
39.63
52.145
43.35
74.0
70.08
33.6975
42.525
69.615
60.98
66.195
78.675
62.3875
38.0025
51.475
33.6175
71.8075
50.8225
59.825
37.5225
42.9175
58.92
70.625
47.1525
60.0525
49.81
65.9175
70.0475
34.905
63.6
44.8825
42.7
56.8075
64.66
55.1875
45.595
74.16
64.075
42.4425
73.5525
44.0775
58.8125
72.7975
55.5475
63.99
65.6075
50.0475
57.0075
55.0175
60.82
68.265
73.1225
42.4175
51.3475
62.8775
43.5375
36.5375
55.9625
43.98
50.99
62.54
50.81
48.4
55.2375
43.8575
47.8
78.6325
62.1425
74.375
31.125
53.4225
66.8475
73.535
70.5775
60.2975
46.5875
42.8
41.63
60.54
73.9175
66.105
84.2375
60.39
51.4125
63.2975
44.69
68.6525
55.855
57.81
60.015
49.8975
38.775
59.955
45.8475
60.98
39.715
61.045
39.3675
60.4
73.49
70.8925
41.105
79.8275
41.3325
48.345
72.365
46.7225
55.62
79.7325
42.2425
66.7
62.02
84.54
47.4625
47.73
42.455
73.3875
42.9125
62.99
55.7725
26.96
58.1125
62.115
56.505
35.145
60.4975
66.045
46.27
57.935
40.6975
53.3575
61.3925
60.6325
64.8175
73.84
49.8975
41.465
60.14
69.505
63.5375
42.8525
74.37
61.435
66.66
57.6575
49.8
53.47
60.985
39.8325
50.4575
64.62
60.2425
48.9125
37.4375
52.905
22.83
72.565
71.325
50.425
47.1625
77.155
56.6575
67.62
54.7675
65.9675
46.7525
57.9725
62.865
33.735
43.19
65.49
50.385
73.885
78.33
52.275
82.7625
59.3375
53.6475
57.6375
46.66
53.0225
66.3225
55.83
65.135
68.1175
52.505
43.345
55.515
41.255
62.9375
40.8425
37.205
65.535
67.2775
53.265
46.7325
66.77
75.0175
65.1525
81.125
38.8825
37.1775
73.025
46.185
84.395
65.9925
23.6425
64.995
54.7675
83.12
58.52
51.7925
35.315
77.0675
37.2875
38.8175
45.9825
73.425
45.885
56.785
35.1475
51.7075
52.6125
47.5775
62.5525
44.3575
68.7825
42.7775
38.16
44.4325
49.535
31.6225
46.3725
65.91
70.2925
69.8225
71.0175
51.67
58.3975
57.17
58.95
46.415
54.0375
42.025
71.26
68.5775
65.96
47.3975
31.055
48.1875
69.9325
50.13
70.0325
57.435
33.5725
45.7125
47.6375
51.0225
39.22
37.0025
35.4275
44.535
35.4125
54.2475
81.245
90.11
43.005
64.885
75.56
61.66
57.43
72.675
70.1125
68.4575
39.5275
73.1375
60.54
68.855
51.78
76.29
41.1
84.2125
30.2775
39.6525
39.745
64.3425
54.3325
42.225
77.6775
39.645
54.53
68.6725
60.8675
33.5725
60.52
43.7075
36.14
41.185
38.75
40.7525
57.13
53.0025
49.595
51.8275
71.955
69.845
64.59
35.3325
31.865
36.705
63.73
52.315
75.8975
39.03
60.275
41.1825
50.3725
66.1575
52.5775
44.0875
45.1775
53.7725
56.925
45.4125
54.035
70.1
49.555
79.47
47.1175
53.465
62.3525
56.065
65.3525
40.845
58.72
49.3225
47.27
38.92
69.0875
72.225
62.7275
50.685
59.165
26.0125
44.305
46.0825
80.4675
36.03
85.69
42.15
33.4525
59.74
58.07
80.4625
49.73
52.6725
75.575
61.2775
60.3875
57.185
21.11
65.955
17.36
58.9925
56.3125
47.7225
57.7775
57.7275
65.8325
57.7675
62.3925
86.045
71.1875
82.025
54.7675
57.7025
65.075
47.33
52.1425
63.77
71.005
44.28
57.605
77.68
63.2125
37.7125
53.275
25.395
66.4375
35.2425
60.2125
45.675
82.5325
56.7775
29.2175
39.63
57.865
44.7775
61.9
63.725
47.315
58.7525
49.395
52.765
73.5875
57.79
58.625
40.01
48.935
54.9975
55.3375
47.3
48.05
41.1125
52.8975
59.515
74.5875
50.8825
49.2425
72.31
37.85
71.0125
50.385
59.4175
42.1525
60.0975
58.53
50.1425
88.0
33.385
57.1475
40.8275
35.685
78.1375
48.53
60.0675
53.725
41.395
64.0675
58.765
43.8825
70.0475
46.525
60.6
44.98
51.2925
38.64
51.0825
75.34
72.725
69.64
68.0525
50.03
76.03
45.1275
77.8275
56.61
44.0425
69.94
62.6275
56.8175
50.385
20.785
72.425
29.17
64.7475
73.9075
51.37
48.2325
72.4275
55.255
68.095
66.1525
45.765
41.485
38.8125
59.96
65.095
57.655
47.59
39.325
42.6325
66.9425
56.315
37.0825
76.5375
55.25
48.1225
50.5
57.1225
36.6425
40.84
79.52183333333333
65.48
57.6775
45.3175
49.3325
53.1325
60.455
31.2025
64.7
63.8225
61.6675
47.9275
34.2325
44.2625
63.671499999999995
68.3425
53.4725
48.105
76.6575
60.88
52.85
58.62
54.475
49.7
33.605
28.2175
70.4175
34.58
40.77
60.8625
51.9475
58.29
63.4175
41.2
38.6825
70.25
38.1075
58.9
59.3875
55.155
37.1825
78.8375
41.19
52.825
63.7625
49.7575
57.095
54.56
47.5325
66.405
62.7775
39.09
71.2175
38.245
44.445
70.2175
59.305
51.675
62.62
47.825
73.175
66.7275
76.2125
41.505
70.035
60.5025
53.0775
73.2375
41.805
55.6825
48.285
79.36
68.02
66.3925
50.9925
59.3875
67.8625
41.9875
51.215
71.7475
55.1625
67.725
48.3
40.375
48.4325
35.935
55.06
54.495
54.045
69.2075
44.8625
63.645
41.98
19.455
71.2775
78.11
68.9475
78.415
22.985
70.5025
40.9625
54.89
48.7175
49.0
73.4325
52.655
37.48
47.15
66.06
60.3475
35.435
47.2875
46.0425
42.66
45.1475
71.6625
31.77
52.135
73.4375
57.1275
54.7125
69.91625
61.39
46.4275
71.95
38.635
54.5875
65.9925
50.3325
75.68
59.8125
25.8675
60.7825
35.565
42.38
42.135
71.8025
65.7825
30.91
49.6275
52.7275
84.5225
47.3325
54.1925
51.0675
54.195
46.745
40.5825
36.8625
71.515
67.815
63.8775
46.3325
53.6525
52.3
59.2375
52.93
57.62
52.32
45.275
44.135
58.765
31.2575
37.305
66.0925
47.0125
32.73
73.865
59.415
62.9625
60.275
38.26
39.340833333333336
50.5875
49.6925
34.075
42.3775
59.5025
59.645
54.8625
41.9025
45.415
46.355
64.2725
52.3725
52.435
52.4375
74.2725
56.585
60.6075
40.815
73.69
74.7475
50.085
42.0875
58.81
57.9475
57.80125
41.87
55.3875
43.1775
43.03
52.515
65.0375
55.855
54.2175
51.33
51.9925
56.18
40.9525
49.685
71.0325
60.765
55.9575
71.6425
56.665
43.4475
45.115
65.5475
63.405
78.185
64.9325
41.69
71.2775
77.87
36.495
74.8575
67.5175
65.7925
45.82
61.175
50.625
46.7225
77.535
72.86
61.1475
59.3
28.8875
61.4325
40.595
30.8475
44.7025
65.9425
74.2275
61.1425
61.7825
62.87
61.2325
66.195
49.575
81.6625
65.335
57.54
59.0525
62.69
63.48
41.445
46.345
78.19
75.4475
54.945
69.89
54.085
79.4375
43.4925
73.91
36.065
39.9725
41.61
15.0725
57.2925
59.77
77.1
64.73
50.2125
70.1175
49.1875
49.05
41.655
44.2625
42.825
54.4725
33.875
58.9625
60.765
67.8375
69.035
53.515
48.355
26.8225
36.725
55.69
74.51
66.5075
67.01
44.1
58.14
36.0525
41.0025
72.085
54.845
64.2375
66.9875
73.93
57.4575
57.7625
60.8
36.455
39.8825
47.86
41.2475
41.5925
48.6675
62.4775
83.3125
41.27
51.3475
54.0375
55.98
42.7025
68.425
52.2775
37.62
57.0925
47.775
59.0425
82.1025
41.4375
77.295
71.135
59.57
35.8025
63.965
42.7575
65.4375
61.235
68.2425
64.2675
63.8375
63.015
55.8475
31.09
42.03416666666667
50.9825
38.6125
60.285
58.2225
42.695
49.4225
35.9875
36.7125
43.895
73.7675
65.415
73.5375
71.5675
54.6125
47.4025
56.76
72.8025
52.275
68.8075
68.9625
36.9675
44.2725
27.63
82.8625
67.5875
40.57
69.905
55.2125
61.52
74.6425
41.5075
19.8975
61.1125
79.1325
18.46
26.865
55.0025
45.765
45.1275
38.615
49.2875
70.325
63.5675
46.0175
52.1275
55.995
37.93
60.21
50.7025
67.22
41.7575
58.165
80.0875
55.795
46.95
42.025
47.3275
81.5775
53.5125
44.1125
62.6375
37.585
86.335
69.58
42.0575
41.5175
59.125
64.7025
50.2825
61.1625
53.6325
71.395
40.34
70.095
49.0875
38.54
75.7625
40.065
66.3575
32.53
57.8675
53.3175
44.3725
19.95
68.43
41.145
49.765
40.2
32.6875
48.105
57.05
56.115
68.5825
46.1375
65.9125
80.4025
38.1475
45.91
62.6875
56.53
61.975
47.4025
59.9125
52.9025
60.7075
70.2375
62.2175
52.505
53.3325
79.8775
46.7975
42.3825
48.6525
61.875
43.0675
38.7925
63.38
47.7125
40.26
64.555
66.8475
36.5625
52.76
48.4675
52.23
74.435
63.175
37.3375
67.7175
52.445
62.795
69.8925
50.5675
71.7685
51.3925
70.8975
27.445
75.84
38.88
35.09
86.6275
47.775
58.345
56.17
63.1975
39.08
57.545
59.6025
43.1375
56.86
36.935
48.1475
49.4925
51.2425
53.7575
58.1725
64.8275
38.39
58.6575
61.9225
41.2725
53.7075
39.5625
57.8125
63.21
37.4275
52.1625
46.205
50.3825
64.625
53.585
61.6075
71.6925
73.1525
69.8825
45.28
35.03
54.32
35.23
45.31
80.2025
72.555
62.505
50.9475
74.055
74.3225
70.72
63.2475
40.905
54.8425
74.5975
56.215
43.615
33.915
79.1775
60.01
66.105
78.79
42.015
32.0325
53.2925
66.9275
38.5775
32.0425
65.745
61.0975
45.025
72.12
38.555
46.985
65.4525
32.87
19.2975
51.0925
58.9675
42.745
38.0025
57.9275
40.4225
54.5975
56.95
54.9875
37.26
63.085
68.19
75.34
42.7675
51.58
51.3825
45.3375
56.1375
33.0625
41.4975
37.975
64.3575
69.1075
59.9475
33.945
47.76
55.1875
75.6175
66.7625
62.2325
51.06
83.66
50.1
54.01
61.785
63.43
42.435
50.4525
51.9425
86.2125
59.9825
79.9275
48.9775
78.1825
55.8375
26.2575
50.58
49.24
52.495
42.4375
68.81
54.495
69.25
71.1375
60.33
67.2225
35.705
56.665
60.085
54.085
40.6125
35.245
40.975
76.7475
49.6925
46.5275
56.1925
80.6275
64.91
48.85
56.715
70.6
65.65
65.725
49.945
28.0375
57.715
35.2475
68.34
39.355
50.0925
51.83
64.3175
53.76
51.0875
68.8025
40.645
39.8975
62.935
55.29
70.9725
64.4
50.3875
44.26
60.9
84.18
45.97
59.145
37.72
76.9225
53.4525
62.3725
64.7025
53.055
47.4175
82.0825
53.7275
34.35
33.1375
51.4025
46.64
53.73
65.3375
50.555
27.98
74.87
57.61
33.57
47.805
53.12
62.615
31.09
52.135
54.265
40.2525
43.0025
61.8575
42.265
41.66
82.87
63.205
33.205
84.4125
40.4575
48.415
41.26
57.3425
61.9775
41.4225
74.04
74.4925
56.45
70.7725
26.4875
49.7375
46.895
53.875
54.97
55.2575
71.725
62.665
69.8775
54.42
51.44
41.595
41.885
60.5525
65.6
63.3825
48.34
42.9925
40.63
38.525
43.2375
58.9775
24.575
52.935
32.7425
24.71
58.71
55.8525
48.67
21.595
60.705
51.4875
41.535
52.3875
36.9225
38.0675
55.835
65.8475
58.305
50.3925
61.0575
70.33
63.5475
40.9675
55.2825
58.48
48.2175
61.2075
49.8875
72.09
38.43
45.55
73.7675
49.9625
60.5525
67.605
46.8125
79.9925
46.0175
51.315
36.16
54.17
67.295
38.6925
59.36
47.5325
68.65
83.17
58.315
45.0675
64.46
46.9325
71.97
51.87
65.2375
57.1225
36.995
70.6575
50.4025
62.2675
76.325
96.435
25.6325
46.095
49.435
86.335
70.15
47.085
41.4125
44.615
42.9925
45.96
50.38
72.255
56.2775
64.4875
65.2825
57.545
53.21
35.1075
72.9525
55.6
62.47
63.1225
46.125
64.6375
77.095
31.7275
54.9475
34.5575
52.7425
45.9025
34.905
41.595
61.665
58.3675
41.4975
58.9175
56.4025
45.495
47.18
65.405
64.86
59.3
65.0225
77.68
61.4025
61.155
37.525
52.5525
73.94
54.845
62.015
58.4475
76.19
75.865
74.24
50.8175
70.9
65.2225
52.3175
36.84
83.2075
62.81
61.4975
38.86
51.435
30.3425
54.905
67.7725
55.065
37.4475
33.405
74.2825
44.365
54.61
29.4775
61.0275
67.945
31.18
58.005
42.0925
64.045
44.5
40.2075
39.465
63.4425
51.4975
32.3025
40.1825
67.3725
76.8525
62.885
56.015
74.3725
79.4225
65.5075
48.0275
37.5375
63.35
50.105
46.0025
73.885
59.745
70.865
65.0125
58.9325
49.2525
41.3875
67.1075
66.19
72.47
79.43
73.9225
62.81
41.41
66.1325
53.1875
38.2475
60.7925
37.4625
61.3775
70.285
67.2425
59.5925
52.5175
49.7375
75.175
39.875
46.87
52.1925
65.1825
64.2825
74.6775
32.355
54.025
49.3075
17.75
70.51
68.185
79.845
45.6075
38.26
49.4925
53.43
49.8925
39.945
82.675
70.2825
88.0825
36.74
71.9775
41.4725
57.07
56.645
41.8375
44.945
43.0275
57.7
26.87
33.7825
32.5375
37.2325
41.9675
55.08
39.3425
83.1725
88.235
44.255
76.305
49.8675
72.335
65.1725
57.325
44.43
43.3
66.165
43.74
46.165
61.8525
46.9025
70.5675
54.7525
42.8225
39.335
60.4175
61.9425
65.22
65.0625
66.9425
62.3875
84.05
56.47
58.35
74.3575
64.8575
38.1575
57.6175
58.07
48.095
69.34
78.53
76.1225
39.57
62.8475
68.215
55.585
52.4275
50.695
72.2125
64.29
50.37
51.5775
67.8475
47.415
24.915
77.565
61.8725
55.94
58.2425
63.8525
74.94
66.75
53.85875
61.105
58.75
41.1575
56.9925
59.12
40.59
64.1625
67.4975
71.42
69.375
49.1675
58.9125
68.025
53.0575
63.2025
31.9325
43.7875
52.8225
32.7025
56.27
39.8025
50.395
33.935
44.6
50.3525
45.1975
71.0725
40.51
47.475
55.0175
65.3975
67.9775
68.105
72.0375
60.5275
60.5275
51.73
64.1225
42.7175
59.7425
76.1
50.4175
37.1475
16.0025
36.975
31.9625
59.765
31.9625
49.8375
55.705
62.8225
65.4975
64.2625
52.69
31.9075
45.295
55.41
36.6425
63.415
63.9825
62.095
46.0175
53.6525
56.5375
53.0575
55.27
30.69
56.67
27.0525
46.2025
54.64
58.4675
35.755
39.0275
68.155
28.7575
52.9025
50.3625
54.175
52.665
88.43
58.1425
78.5
40.09
81.9725
57.4575
54.24
55.715
64.465
62.82
25.6825
39.415
53.175
70.6925
81.2825
70.1975
42.045
55.08
39.1825
37.21
30.5575
58.2275
43.975
52.7075
32.28
67.98
57.7225
29.475
41.655
56.445
35.7675
56.75
59.4725
43.1325
74.12
63.9
48.1675
51.6625
61.1825
58.6825
70.4825
40.37
50.37
72.205
64.2075
57.515
66.45
89.6175
36.89
71.97
71.555
33.3125
64.2775
63.0525
38.4425
64.12
40.79
67.09
40.18
60.6
57.9675
43.6625
54.68
45.3175
54.29
72.2425
58.5225
59.47
65.4025
69.3375
64.2225
42.6775
31.42
70.05
51.3475
35.275
44.9725
41.355
76.985
49.2425
69.335
45.155
47.12
48.85
63.775
53.99
42.03
51.24
59.0375
40.6525
71.415
37.3775
33.8
62.065
85.88
54.7475
42.225
58.4275
66.1575
31.7725
46.8975
43.2475
43.315
47.04
51.8375
35.98
64.5525
57.03
73.175
64.7125
57.8
59.9525
64.815
50.14
68.0425
54.1575
35.1875
56.225
62.245
56.16
40.8225
52.9325
78.725
62.6225
34.225
45.215
47.53
49.625
49.47
36.6525
45.4825
49.0375
70.06
63.075
59.845
55.9825
50.7525
71.4075
58.0325
51.455
60.13
73.7725
32.4375
60.7225
60.295
44.44
70.425
48.2625
53.5775
42.37
46.165
29.13
55.13
62.7625
73.78
55.1725
65.24
39.6475
61.14
58.805
57.71
51.295
69.575
70.885
30.18
55.73
37.0725
49.91
58.8075
46.2925
60.27
51.64
50.58
48.7425
53.185
74.99
47.4
57.29
66.505
60.205
42.1875
67.73
59.7875
61.325
68.0075
69.865
41.5475
68.3575
30.115
38.145
20.03
50.925
76.245
66.45
44.1225
59.9775
77.055
83.545
49.265
68.76
44.72
69.2625
62.9875
45.5725
46.2825
39.5175
43.0425
72.54
63.7475
41.845
81.2025
70.6975
46.58
59.6825
49.765
55.565
25.6125
46.5325
67.6875
77.505
34.0925
66.945
47.215
55.96
52.64
83.1425
65.605
65.19
52.7475
21.8975
58.2575
61.985
40.36
43.0175
54.6525
47.9325
36.84
45.69
57.61
50.8825
41.0525
50.5875
70.7575
63.1425
47.08
62.8475
52.6325
70.395
61.705
53.7975
48.4
48.1325
47.285
44.2975
45.455
72.98
33.89
44.22
77.035
72.6325
61.775
33.68
49.84
55.37
31.86
78.6125
51.65
59.535
56.13
44.0575
51.1925
63.215
66.3925
41.39
60.08
46.7375
18.49
50.995
73.385
58.8525
44.5225
53.38
76.4925
50.8175
54.52
51.495
79.7075
62.79
56.78
68.0675
57.215
49.875
41.3275
82.8275
41.1075
69.4075
69.4125
46.68
69.955
44.6875
47.1925
58.7375
68.725
59.14
46.415
48.545
48.9475
75.74
54.255
46.85
64.8225
46.7375
75.005
40.6375
48.2675
58.78
79.135
45.335
57.3525
66.0525
67.035
62.365
43.61
65.805
51.025
66.9175
32.165
74.16
42.06
42.455
47.865
84.055
73.2425
64.875
69.525
47.335
58.4225
47.4475
47.6025
29.145
44.4225
77.6
20.04
47.485
53.6125
61.895
49.71
59.59
60.2425
35.25
75.04
34.8325
67.3175
77.485
68.2075
33.1675
77.525
59.4125
33.855
73.455
64.225
55.6725
74.135
52.0275
80.7025
52.4975
39.5225
46.2675
51.3425
54.2775
55.9
73.8375
44.785
52.5425
20.555
89.51
48.7025
77.3075
44.525
54.765
65.575
57.355
44.2025
45.15
75.5725
66.6675
48.115
75.415
64.35
54.61
64.045
49.59
46.71
72.7375
71.81
36.085
59.3525
45.46
35.3475
50.325
48.3225
47.925
73.4075
50.0225
58.7
55.3925
71.135
54.375
55.8275
68.6475
46.0525
68.1575
75.22
75.1225
45.5425
41.785
69.78
60.79
67.265
40.39
50.83
71.95
54.5775
67.9025
55.585
72.8375
84.9
84.8025
71.485
26.415
40.5325
60.7
47.865
57.06
40.365
35.2175
42.0875
58.71
48.25
75.0325
51.4225
48.5375
69.8525
36.66
37.9075
73.3825
34.4225
68.5
53.7325
23.69
32.3125
69.1625
55.105
38.3475
51.9025
54.9975
35.5025
74.345
47.2025
59.0625
45.4675
58.5975
71.09
40.0175
55.56
64.3725
45.7775
49.9225
27.445
36.635
56.28
51.4225
56.44
68.1275
55.145
82.69
52.3
65.37
78.4675
73.765
55.3
69.355
47.7575
30.835
60.9225
17.1
54.445
64.4
40.045
47.39
40.395
56.6075
57.2175
42.64
61.2375
31.28
70.8075
84.2425
41.205
59.595
51.0
75.955
37.065
69.9075
44.045
80.3275
45.5025
64.6
53.805
71.016
35.54
67.465
57.71
64.135
51.1375
35.3125
55.69
38.1325
72.2425
70.69
56.03
57.88
20.3075
64.475
76.875
65.935
45.3225
72.2275
60.3025
71.045
51.9025
59.035
39.0825
70.5925
75.3375
70.7075
54.2225
48.0575
68.9725
46.0525
46.0575
60.435
78.41
34.9725
62.9525
59.38625
62.0625
57.065
44.35
42.595
39.315
38.7
54.28
57.6075
49.2675
63.395
63.875
49.9075
60.835
62.9475
54.7275
45.415
36.265
69.6975
64.0025
74.045
65.1925
43.735
63.2525
50.0875
57.705
36.7675
39.995
83.2725
42.7925
35.3975
62.055
58.8325
36.5825
64.515
30.2975
40.9075
45.21
59.305
50.185
50.66
64.105
45.3925
56.8925
45.5125
56.355
62.81
42.7275
36.1325
50.055
60.7375
51.6475
53.7825
63.0025
50.2425
46.18
39.05
65.875
49.2425
32.585
49.43
67.07
55.935
76.0625
70.6875
49.0075
58.1375
39.7675
60.0275
70.4625
69.7125
71.86
70.74
61.755
83.44
46.2775
43.7075
45.3725
74.0825
59.1675
55.7325
25.7775
61.0375
63.875
41.21
65.4625
59.485
55.7525
35.5925
55.085
42.645
61.295
25.2175
59.2325
70.0525
41.77
52.7425
42.725
57.3525
54.9975
70.12
60.565
65.0225
70.6175
44.3325
52.885
72.34
42.5175
44.8075
69.5075
64.8025
62.1425
63.74
60.895
97.4225
53.4375
37.12
63.215
24.6625
30.8575
41.635
60.3925
74.38
56.56
44.7125
61.4775
54.965
50.8825
74.025
66.44
40.205
50.0975
38.405
33.82
67.595
63.76
48.825
48.8925
51.9525
60.16
42.0425
67.055
63.395
49.28
30.9675
65.1575
68.8625
80.0475
59.9
71.97
60.495
61.3925
61.4025
42.6125
74.21
80.35
68.785
60.8525
49.5225
54.84
52.24
56.99
55.6
36.4525
38.66
56.03
62.0075
66.4575
52.705
54.5525
55.11
57.4125
72.68
63.8675
54.63
65.75
54.56
43.31
70.1875
65.71
56.0575
54.7875
54.685
78.27
46.6175
80.985
56.0425
58.205
56.29
36.725
55.19
61.275
42.9
58.3875
69.585
46.7675
46.4075
51.85
45.0875
73.37
50.52
69.345
58.6975
45.9875
43.5225
42.025
58.19
46.19
61.1
84.5675
30.6525
47.915
41.085
28.65
83.395
71.61
37.56
60.545
55.9425
70.78
51.8625
76.2575
43.9975
61.455
51.96
53.905
35.7925
32.95
44.3825
63.0525
67.285
23.1675
52.39
41.49
64.4925
35.0675
57.4225
75.525
59.6475
42.655
85.1425
33.1575
65.3775
71.8375
47.2975
82.8525
45.7475
68.1275
56.3
66.675
56.9925
67.115
51.6375
37.365
22.93
73.0475
54.8925
42.4325
69.7775
39.0925
47.1775
55.4975
45.475
61.5275
45.075
46.045
65.1925
63.26
75.9375
41.56
68.8375
36.1925
29.35
62.885
58.8225
52.225
74.8525
68.5175
90.35
66.08
51.55
66.27
37.35
63.3075
68.14
35.4675
45.2525
41.915
62.82
57.1475
66.595
63.855
57.805
80.3875
50.07
94.835
51.295
66.1225
49.07
48.975
33.8375
45.745
76.325
85.565
36.025
62.475
51.195
51.9775
45.2275
46.225
43.4375
60.945
48.805
39.335
59.49
41.445
68.07
28.585
36.6475
74.155
62.19083333333333
62.4075
62.5175
70.1
27.575
48.5125
42.9175
52.3425
52.7625
56.3525
69.8775
54.51
87.835
59.495
66.5225
63.7625
36.545
30.8825
75.905
64.5025
36.9525
25.1125
66.875
73.06
60.9175
59.91
42.91
48.0175
67.7925
44.975
31.9475
70.3025
48.0075
39.9
78.1225
60.13
33.425
55.3575
63.3275
50.84
47.5175
60.2475
59.76
48.5325
41.1325
46.215
61.215
68.635
49.89
21.64
54.0825
28.65
29.555
64.6825
57.1375
53.99
39.3375
38.6175
30.6775
69.2625
64.4425
43.0625
43.4225
49.2475
43.9825
64.7375
43.455
44.81
75.7125
78.765
54.4475
50.24
42.72
56.4275
56.7975
70.4925
34.8575
25.76
37.9875
59.435
53.7875
28.63
65.2625
41.61
33.885
34.585
41.845
60.565
38.64
51.145
36.2125
70.465
48.7325
54.055
77.7275
69.9725
48.965
59.8775
62.775
57.5925
67.5625
57.88
36.7875
50.5275
83.74
49.5025
68.3875
50.3375
61.8225
58.72
83.66375
52.82
45.6975
52.2725
33.1575
48.9425
68.025
59.1375
47.6925
54.7375
37.7675
46.4375
29.7675
44.26
52.4975
50.23
41.3175
53.61
68.7225
67.805
51.7775
69.705
45.4475
49.205
43.885
60.795
51.9525
69.16
48.3425
56.9175
48.32
79.935
73.4125
62.0375
85.8975
58.8025
48.85
64.25
70.235
55.23
50.2175
48.4975
51.78
52.2125
74.6575
39.065
57.0625
41.575
43.0525
49.1125
54.0175
35.645
39.2225
55.2625
50.0625
65.325
69.695
57.8025
61.9475
75.1425
59.7
51.8775
35.81
58.7325
46.2925
86.395
56.2975
45.4775
56.1475
40.06
63.11
43.295
64.7075
37.0925
68.7175
60.76
50.9
59.715
79.7075
32.59
36.3925
62.565
59.51
48.85
59.605
66.6575
86.53
36.0875
64.785
57.43
63.615
54.2675
64.245
66.5475
46.035
72.3175
39.6575
52.1975
53.3725
67.47
66.9825
44.6625
84.015
62.3025
67.125
46.95666666666667
22.655
33.2275
36.5075
42.8575
78.9325
39.675
30.9075
57.0175
75.4675
40.1075
49.84
55.715
63.6375
64.3575
49.395
63.1175
83.655
39.4025
62.075
41.35
57.6375
53.3675
48.12
48.0525
52.7525
37.095
78.9125
42.395
70.695
49.04
88.955
52.0525
82.3625
31.28
55.8775
54.9
55.715
29.0475
53.7325
38.61
49.7425
72.0975
42.5525
75.99
31.7725
55.7875
41.275
58.5325
39.565
55.685
58.125
40.2625
27.0825
91.175
67.465
49.8475
60.8975
76.7025
72.1875
58.975
66.3475
42.5725
57.8775
62.69
51.7
53.925
67.875
46.6325
52.345
70.8675
66.3775
58.22
62.0775
37.9025
49.19
44.4725
68.5025
69.1875
57.8275
63.24
71.53
60.2225
70.01
32.835
68.295
77.4525
61.49
71.0475
27.2925
50.5375
38.36
40.605
55.6325
39.95
71.0875
59.5025
53.035
48.495
62.62
55.83
45.31
67.565
72.635
58.2325
61.2225
44.555
67.12
52.94
76.5125
54.86
71.3375
53.63
71.075
52.35
51.1875
55.76
50.5725
73.1625
65.075
69.235
58.175
69.025
74.5175
58.6225
66.5325
89.2225
71.1125
51.3125
55.535
69.2325
71.4475
82.675
34.0825
50.6475
37.0225
57.9675
41.8675
46.9575
63.9325
49.005
57.735
31.8625
64.59
66.26
54.4675
69.0125
69.5325
69.06
54.9725
52.16
59.855
59.62
51.2475
47.7525
63.6175
71.9125
60.7625
66.5075
34.3025
44.3475
61.2475
63.9475
39.47
55.5225
73.55
60.635
64.7725
48.005
69.3025
57.1725
54.705
33.47
38.7225
53.1425
61.0425
51.11
70.82
59.8325
68.6625
57.6475
38.5625
62.1225
48.655
71.0275
32.6275
44.2025
40.7175
62.84
71.095
53.29
56.8625
38.84
51.815
43.6325
33.7125
56.765
51.475
70.0875
68.9475
55.115
41.5525
75.7375
64.8475
40.3075
71.9625
74.01
55.215
57.515
40.825
65.7825
52.695
56.4275
58.295
73.835
73.2975
58.3025
56.4225
67.62
73.1525
42.7825
62.63
52.12
55.7075
53.65
42.23
39.085
53.42
81.9825
54.6075
53.3
72.0675
43.0125
53.3675
70.5425
75.5
48.24
44.9775
60.805
59.1375
38.56
59.1925
57.1575
62.2025
68.05
59.115
69.775
58.16
73.11
55.295
50.0875
50.2275
71.76
79.8725
47.715
72.2025
79.5725
63.915
63.71
41.395
55.7975
68.0425
67.35
34.255
27.98
43.325
46.9125
45.1925
67.9575
43.585
77.2
37.4025
47.0825
79.08
37.835
51.0825
70.7125
56.5775
55.6825
55.125
76.84
55.365
35.9975
45.23
49.535
41.6375
47.9325
42.0575
57.855
43.26
55.035
41.29
48.7575
40.46
50.1525
47.07
54.2725
31.4925
50.795
63.3125
47.5525
69.555
42.4025
59.37
53.2725
56.6525
66.5175
56.4625
77.97
46.185
44.195
47.255
63.2825
65.8775
83.985
43.1625
53.815
37.435
45.525
18.1075
39.5125
67.72
54.5025
72.8075
46.3275
57.4925
53.05
53.4125
48.0375
61.285
42.535
74.295
65.64
55.58
56.4075
67.6625
35.5675
68.805
75.3375
65.1425
75.8725
70.4
69.74
63.2325
57.0925
70.3725
57.275
48.9025
49.6275
47.0575
43.8075
59.655
69.93
41.82
63.2025
61.3125
67.84
74.3525
58.305
81.74
61.8325
36.8925
43.2
39.485
38.3425
31.575
67.1775
46.0575
55.0825
70.9475
46.86
53.755
64.3675
75.0025
60.0075
51.135
79.49
46.01
56.6075
43.6075
74.0525
75.10625
36.7075
45.3175
50.4825
68.8875
64.7125
40.2825
60.7925
68.025
59.9125
62.545
60.6875
78.1075
37.7
65.39
56.0325
41.28
44.27
54.6375
51.2725
77.27
41.48
55.2175
59.2275
77.01
48.2625
54.9275
53.2025
46.9325
74.135
59.3
38.1275
72.66
48.97
75.3375
63.8225
65.67
42.6025
63.0825
60.4
51.36
68.89
58.105
49.395
41.46
71.0425
78.9075
59.5875
62.555
60.115
57.42
65.01
62.0925
58.0625
51.3675
61.755
51.1325
31.9875
66.645
55.9025
47.165
51.1875
60.7725
61.445
63.06
31.91
70.475
59.5975
63.745
57.975
64.4875
54.59
49.755
59.1175
62.17
44.1575
50.8325
65.5
32.285
32.5775
49.0875
54.24
51.485
47.2375
41.2325
70.975
58.625
69.835
57.5125
60.1
53.0675
35.8
79.925
42.27
56.58
55.055
53.985
48.6
55.1175
51.5975
45.175
71.92
64.6425
43.685
47.3725
40.995
18.3425
75.9825
70.0675
42.75
62.38
43.005
75.5425
48.635
52.3525
50.8975
51.78
63.955
45.26
66.595
53.785
34.0075
52.0475
49.47
53.9525
52.0625
49.955
61.5075
72.8125
36.475
58.1275
44.165
64.1025
35.63
38.6875
22.37
63.7525
64.5975
82.1525
66.385
55.325
55.8525
68.865
76.97
55.76
30.6775
63.8975
76.45
79.045
80.485
30.0
74.4
43.6625
43.3
44.3375
56.17
49.165
43.9325
78.7725
56.04
61.8425
40.7425
70.3375
36.5475
72.3425
37.1225
70.175
61.395
61.305
73.98
41.9325
47.765
55.97
59.77
35.2075
52.2825
62.0675
60.545
82.4425
50.09
58.3275
60.3075
47.9525
68.715
51.745
39.17
63.355
50.265
71.165
71.18
75.8025
46.4775
44.895
59.3175
59.6525
42.365
45.5025
41.6825
38.28
58.3525
58.6025
69.78
54.6775
45.4875
68.2525
68.2975
69.6025
34.8175
41.93
60.325
53.61
52.7025
43.2575
64.9925
75.0675
60.2025
48.2125
59.5825
45.76
57.875
53.2625
48.68
53.7575
51.915
56.67
50.63
61.22
37.69
54.0475
68.95
41.7275
39.1225
68.87
46.4525
45.8275
55.855
56.88
49.0625
54.03
45.9825
44.37
44.22
39.945
38.5725
50.13
34.2075
65.69875
58.26
61.4475
64.8675
73.0
51.5425
75.14
59.0975
56.705
67.555
78.8725
39.8825
30.62
72.115
43.4425
33.77
63.215
69.2025
53.85
71.6525
62.355
52.4625
42.1425
35.8575
29.5625
44.25
33.0625
62.205
46.5775
25.19
55.225
41.53
64.5725
42.04
47.3525
56.305
54.8625
29.98
49.2475
40.2775
68.315
27.0575
53.97
72.0775
54.6875
36.61
62.17
67.4325
60.115
77.8525
36.7725
55.8
41.3375
57.45
71.7725
54.9525
75.3375
56.9075
48.3725
74.335
38.1175
74.5575
44.5975
55.1925
51.0775
28.1525
45.85
57.2925
79.505
49.1025
56.6575
57.2625
51.215
63.575
52.6925
51.995
66.2325
32.3675
44.82
52.9075
52.6125
53.31
74.4725
73.2675
69.26
62.6075
77.3275
29.1775
63.08
53.7275
83.5675
56.225
71.8225
53.7425
67.365
34.0275
70.655
63.215
61.8575
59.375
59.195
48.3225
37.0675
56.005
35.49
67.2675
76.535
66.4025
34.4125
42.9625
77.19
56.365
59.8475
71.5425
54.655
52.155
72.2425
68.17
38.5525
74.8625
85.995
61.4525
64.92
88.2125
43.135
66.2725
62.5175
46.8825
69.8975
61.3425
74.4975
57.81
58.4325
27.24
65.845
50.42
62.4725
43.1175
80.1675
53.835
31.4675
36.95
59.34
30.5425
65.4275
58.3775
77.79
51.6975
34.925
44.4325
54.56
63.5875
58.29
64.88
48.97
58.19
84.6125
64.7475
37.0825
64.89
64.26
28.2475
49.245
72.15
65.55
66.4925
34.92
53.615
39.8175
63.6775
58.6275
55.64
72.54
39.6375
71.7275
49.9475
67.8125
53.16
68.26
68.4575
44.2475
49.6475
61.3475
44.365
70.705
43.25
42.2175
58.6475
36.13
34.59
62.615
59.6875
40.76
64.6575
72.5575
63.61
47.615
57.375
47.51
56.545
69.24
72.4125
57.545
63.8225
55.37
45.8825
65.5
61.7575
35.9975
48.9325
52.0375
54.5525
45.11
64.505
53.83
81.07
49.47
45.5625
35.1
61.0725
61.1675
60.88916666666666
57.6625
53.3025
68.7525
67.5325
46.81
74.2775
61.2975
69.6675
45.86
48.705
27.26
53.6
82.6025
67.45
44.3975
39.91
55.2875
57.84
78.43
58.77
42.13
47.305
77.33
39.0325
61.4275
69.1425
53.9575
60.6675
48.5525
59.63
43.2925
52.205
91.9825
73.125
51.3825
54.025
26.465
53.195
45.7
36.2925
74.8625
36.975
53.7675
62.515
64.14
93.2525
38.5375
61.0775
67.1475
63.125
50.03
77.175
53.685
70.3225
42.3
55.1425
89.2525
68.2775
66.3225
61.595
56.1225
69.84
47.1025
61.7125
43.325
84.2775
37.13
44.9825
50.4925
41.8575
60.7425
63.4525
57.535
51.0725
80.565
60.26
82.3375
54.1275
53.0925
62.5575
30.9325
42.2975
63.6425
44.8025
40.6575
30.345
46.2725
48.3625
40.465
37.5325
58.16
56.055
40.6025
35.88
58.53
70.09
70.605
27.0975
71.6825
50.085
64.005
52.37
74.85
62.94
37.7275
54.1375
68.6025
65.975
47.3825
55.8425
48.09
56.3125
51.53
36.3325
48.4525
35.7975
46.6525
62.2125
52.6375
61.895
75.775
84.68
60.3025
48.01
47.45
43.42
68.925
71.0225
80.6175
71.275
47.4475
37.4375
35.2725
68.765
61.1225
61.74
35.945
46.435
72.8725
54.475
42.6675
44.4125
51.4725
74.34
60.2675
45.4175
43.3875
27.115
68.2725
62.095
69.965
40.195
38.82
77.95916666666668
74.9375
55.275
21.61
48.8725
52.35
44.87
49.105
63.955
60.9875
66.53
40.7025
59.24
45.35
56.245
72.455
65.4225
63.8125
70.64
67.605
59.45
43.6375
66.135
40.7075
20.8325
55.8725
62.6925
37.705
44.19
65.66
36.115
44.8775
53.24
48.7325
67.8825
29.69
63.805
63.9525
74.9625
58.6875
64.78
59.7625
51.915
50.62
60.825
52.82
58.56
47.1575
70.74
39.5075
45.97
55.87
29.6625
46.71
40.1525
31.3925
62.6025
39.255
47.0225
31.145
66.475
55.365
46.89
60.185
72.88
56.635
53.7175
45.6225
31.415
28.705
79.835
33.8225
43.2625
57.035
75.8325
69.48
66.1425
64.645
74.86
70.455
74.1075
57.39
78.305
72.57
54.765
45.2775
37.2575
53.365
39.8625
78.825
43.56
49.5325
54.75
55.1075
77.265
38.0025
25.915
80.9375
42.1075
80.6075
42.12
44.945
48.34
50.3925
51.68
45.0525
62.93
55.75
38.42
44.9225
53.455
43.2825
26.57
46.4725
62.8
81.215
59.3125
44.695
32.9775
69.2425
71.41
65.6425
33.45
68.9925
64.28
44.04
45.45
41.62
33.37
66.205
48.6075
47.0075
61.53
62.49
59.4225
59.16
69.9175
70.9275
53.7125
48.815
56.2325
67.7425
52.065
75.795
74.925
66.925
66.525
67.1925
52.9
30.455
28.9375
63.2725
45.7825
33.47
36.125
36.6575
41.965
52.055
59.705
36.695
55.4525
58.1175
60.475
63.2875
67.9775
60.67
48.72
37.3425
63.1675
42.5525
42.1625
69.89
55.8025
61.87
71.295
49.8625
50.2125
78.10625
79.2925
44.37
53.5675
41.7275
56.5025
53.885
83.8775
43.9075
60.105
53.7375
55.4175
75.36
41.215
41.37
47.4725
30.3875
61.0375
60.8725
38.5325
47.185
68.3
81.12
29.3775
65.915
54.7925
47.155
55.4875
42.785
39.67
44.285
67.45
47.93
61.0225
43.8575
92.7525
77.4575
59.5975
60.74
59.955
42.425
53.99
48.5325
56.31
59.5875
67.415
41.5675
63.2725
43.33
46.2925
35.1225
73.8725
73.7525
72.2425
38.85
48.2475
46.12
59.5675
67.4775
54.92
75.8975
61.62
79.955
61.37
46.2825
75.1925
60.7525
49.235
44.4875
43.025
55.7725
74.93
63.6475
41.9275
51.8775
62.7125
83.06
58.6325
60.825
83.145
74.3375
36.8475
48.4475
36.215
33.605
58.42
56.735
63.43
46.2175
73.875
44.765
75.755
36.8125
69.7225
45.89
72.03
56.1775
57.985
68.3675
31.9375
52.595
55.8075
78.785
46.41
44.4675
51.0675
41.58
73.0425
53.1275
68.3275
57.2975
61.4175
43.2025
38.2275
57.5875
70.98
43.895
42.325
48.9575
55.8075
76.3625
50.3675
40.125
78.665
82.0875
31.34
69.4525
36.2025
51.605
41.51
42.345
64.3625
31.1175
76.94
64.36
77.935
56.0925
42.78
60.93
34.2
53.7775
63.65
59.2775
63.68
63.5175
44.555
44.1025
45.43
77.7375
56.8925
39.695
67.1325
36.3175
54.4925
62.2175
55.71
70.085
52.6625
66.3
61.655
38.06
32.1475
60.675
44.1225
44.58
56.32
73.43
54.655
40.2875
57.57
63.44
55.845
42.65
50.44
33.49
49.385
67.4125
54.7675
50.8975
42.2475
63.355
45.8525
50.915
52.41
17.965
78.9025
67.5975
82.2825
27.8375
61.1775
63.2775
71.335
32.7775
66.525
41.0875
41.6675
39.24
71.835
63.85
46.88
40.43
60.885
73.505
55.4525
55.35
50.5075
49.46
59.005
46.18
49.3625
53.9075
75.3925
54.2375
66.015
60.42
57.2325
67.095
53.7925
74.4325
46.05
57.9575
56.98
54.1125
80.88
78.785
48.6075
47.86
56.1975
54.155
33.04
60.955
74.525
40.21
49.45
37.8325
65.8825
61.18
40.6275
59.95
50.355
50.405
64.8075
44.3125
54.11
61.3825
66.5775
54.5975
72.365
55.5425
47.435
51.795
61.09
52.54
45.0475
44.4275
70.145
55.01
44.65
50.87
66.91
67.15
62.69
62.2375
47.96
53.83
50.7375
46.655
48.52
53.32
44.765
64.475
64.0875
56.2475
51.29
60.7225
53.645
49.745
62.4525
33.295
41.575
82.0775
61.49
69.95
65.485
75.5
51.5775
32.45
75.335
38.2475
59.445
71.9625
62.5625
55.77
19.94
63.7625
46.7875
41.72
82.76
44.6675
53.7
65.48
67.655
65.19
56.285625
47.625
68.255
76.7475
60.4625
32.885
68.7575
64.4325
41.42
72.3925
82.525
36.61
73.11
23.995
32.0125
31.225
46.3975
70.5975
63.325
55.0425
38.465
70.9525
51.27
43.605
60.2875
29.1925
41.65
54.465
53.8375
62.445
66.2975
54.195
45.545
42.47
70.09
78.27
62.5125
64.3475
35.7025
62.4675
18.255
45.21
49.105
35.6775
42.4275
41.7625
30.185
65.6075
56.925
58.85
64.6275
68.49
63.5875
68.195
62.115
66.0025
66.2275
71.2525
64.1625
65.655
55.3475
56.9025
53.67
48.05
36.385
67.8475
64.0275
70.84
55.35
48.8125
66.7725
30.9
54.735
52.6675
51.35
56.78
56.575
47.435
68.945
67.4625
49.615
64.0125
59.0675
46.005
70.4975
52.45
57.10333333333333
49.7925
66.365
54.195
47.665
49.4975
35.7625
57.55
58.9675
55.0625
64.2875
72.3325
25.7875
51.77
33.1925
45.6125
53.7525
29.485
75.86
28.19
58.2825
36.8125
47.62
45.73
66.2725
44.14
79.02
50.165
64.625
59.0525
45.795
45.29
35.3725
57.2925
73.5275
52.62
54.7975
43.73
52.5175
79.8275
49.8925
82.15
70.515
57.075
71.1
31.905
40.815
36.19
67.775
37.375
68.3625
60.1
71.46
52.6875
60.7525
55.81
52.92
56.145
81.8525
47.7925
73.2075
43.44
37.345
51.7625
64.9525
58.9225
62.815
38.83
71.57
67.6025
70.775
64.4525
35.8925
47.285
61.3825
74.6425
67.0
57.975
69.075
37.845
32.35
52.4625
61.0275
57.3125
58.9025
52.51
48.1175
34.5575
54.925
41.5375
66.6675
45.9725
56.64
75.375
53.24
61.925
68.5125
73.8
46.9125
47.2425
57.9275
42.7725
31.78
66.89
67.17
30.685
58.41
59.7775
67.0075
60.425
46.0175
54.1375
61.0425
85.2675
52.1825
49.3025
45.3875
31.5025
42.615
51.825
69.2825
18.1525
70.4675
92.685
58.875
79.9525
68.185
60.435
78.3575
47.29
51.875
57.15
49.5
62.6025
57.05
49.6925
54.5
54.5175
48.58
45.3225
58.7775
48.38
71.9325
37.28
34.7125
42.2475
73.6575
60.9725
59.1125
66.6925
47.8225
53.4
70.28
61.9275
68.7125
57.8175
62.03
53.9875
42.6625
47.9125
46.105
59.915
31.69
77.4825
61.445
57.5225
66.5675
63.23
65.35
66.2325
58.8175
39.27
58.035
80.4175
64.7625
38.8625
86.6825
75.2575
61.9
34.1125
55.8025
47.215
44.74
46.24
50.325
59.57
56.0175
59.8425
72.03
49.4375
79.7675
53.9325
64.945
68.95
31.7675
78.5425
44.8475
47.6475
56.24
36.2425
69.1475
29.0325
77.0375
50.2825
47.585
38.205
42.785
58.8425
37.6675
64.2925
32.0675
72.5025
73.3125
42.1875
59.4875
70.34
42.4575
54.405
50.6
62.845
51.27
83.7125
46.94
29.235
75.445
32.2125
45.1725
51.165
74.6875
81.7275
27.3175
63.94
37.09
46.97
71.08
54.49
42.065
44.91
50.5825
72.535
48.855
41.51
49.6325
49.3425
35.615
74.9825
55.295
59.3025
60.5225
70.8675
50.75
67.4925
62.84
64.715
55.3825
63.61
44.0875
49.3875
31.645
64.135
51.515
68.14
44.2975
75.635
54.0825
49.55
70.9425
66.525
83.69
55.325
58.8625
62.3975
57.115
43.1
68.0975
25.715
77.4675
59.055
71.515
39.59
59.5475
56.23
46.4225
67.99
62.32
64.6125
56.735
45.0975
28.67
64.0125
57.61
40.8625
31.555
60.295
52.9575
76.84
90.215
66.91
35.3225
61.05
46.8575
41.4725
83.3
67.1625
42.7475
80.895
36.8575
47.7475
38.21
68.35
41.1475
62.6325
47.6125
41.3425
41.275
58.3925
53.09
60.18
46.56
40.9875
75.4025
44.3225
36.835
66.375
49.965
54.98
42.865
88.1125
78.6975
64.21
59.285
74.03
49.0125
82.9575
68.9925
74.185
40.165
50.145
67.86
72.69
40.79
75.115
37.62
34.2325
56.865
84.47
45.785
34.5675
58.595
69.2475
53.6875
51.1625
74.075
52.86
34.97
41.35
44.06
41.7675
47.365
49.7025
75.39
68.9025
84.065
37.45
66.5625
53.03
43.4225
61.7125
86.2575
57.215
56.1675
58.985
59.655
57.935
38.0875
44.4625
57.2075
51.38
57.105
48.9925
68.5125
76.645
50.7225
41.035
64.065
48.4675
74.0075
70.81
60.0375
59.0225
45.7725
71.2125
63.4675
46.0725
48.97
23.395
62.815
54.675
40.52
49.1325
64.065
67.135
50.7725
56.2775
48.8525
25.9025
56.975
79.48
83.14
53.9475
54.265
49.3625
35.62
45.775
73.985
80.6925
49.16
61.22
61.6825
30.13
68.3425
69.52
46.665
44.7875
55.165
53.42
67.455
56.79
51.1175
37.725
53.2875
52.3225
61.05
39.8325
53.2575
54.165
91.9425
77.53
51.5225
80.5075
56.375
49.53
38.9325
84.0375
69.2825
55.2625
65.1825
43.88
34.245
56.2175
68.9675
47.455
66.5525
69.7975
45.3575
51.3725
74.915
53.0925
74.635
47.0825
44.1075
65.755
55.185
55.8275
40.5975
56.6175
65.0825
36.2
42.8475
88.095
64.805
75.79
52.04
69.93
36.5625
72.5525
60.5075
72.915
43.3475
61.555
49.6575
26.9225
46.085
30.8725
80.13
63.6075
57.3025
48.3925
63.39
45.845
59.1125
50.6125
58.7325
71.3275
50.6425
45.8925
71.81
53.915
42.07
60.5075
47.8325
65.645
42.4675
57.1925
48.99
41.1175
73.6875
63.335
62.06
67.5875
76.9675
44.565
75.72
48.2725
54.565
53.225
39.6325
66.135
46.545
69.145
72.21
81.3425
66.7625
68.72
67.7775
70.055
71.8725
65.355
33.1575
51.14
42.9925
57.9525
57.3525
65.195
61.7925
25.4275
55.235
61.445
38.22
60.9225
70.325
75.03
43.825
65.1025
41.4675
45.4325
36.08
43.08
36.625
63.3725
38.195
69.2425
36.4275
58.945
52.84
59.4675
76.57
30.7925
81.54
46.2225
79.9825
95.0125
29.385
67.2875
39.9425
50.97
56.4475
53.325
79.3875
49.27
74.64
70.0275
64.7575
64.93
75.7525
43.0075
47.5375
63.08
67.175
41.58
36.745
68.9375
73.3675
65.86
44.07
52.7225
75.685
50.015
68.03
46.135
41.87
39.36
48.2325
73.49
70.35
62.1925
54.0275
65.5625
51.29
68.185
62.69
45.945
35.745
39.36
72.7325
72.7475
57.81
59.13
53.6775
40.1675
67.7475
40.52
46.0525
34.135
47.805
79.5825
70.9775
72.5225
66.96
46.7125
26.17
69.4075
88.105
35.7775
75.5275
48.3225
40.19
48.9225
68.4375
67.195
52.255
65.6875
47.6975
61.4925
67.4725
60.26
74.285
48.0025
46.3
54.2
55.685
62.6675
58.7175
35.2275
49.295
77.04
27.7125
75.1025
59.3025
68.4075
77.0
54.8025
60.6625
72.83
50.105
31.7325
61.56
44.0175
63.2375
60.6025
68.79
63.99
65.905
43.78
43.14
77.26
36.15
57.005
39.205
58.7725
54.5275
33.1025
60.8525
56.335
56.4625
51.66
78.965
56.75
29.38
31.855
41.3875
62.4425
51.8475
58.8675
60.415
35.8575
35.6575
40.535
34.975
72.95
41.3525
52.035
53.325
24.71
46.7875
43.8125
52.695
27.11
78.765
75.5925
63.335
53.9375
58.9075
80.145
53.1975
56.7225
41.7575
38.9925
54.685
66.4025
31.32
59.735
56.2775
32.3225
60.7575
73.08
74.71
47.6225
47.015
49.3125
94.2375
70.42
41.36
46.71
58.89
55.91
42.125
51.6175
77.9925
57.095
34.115
38.7975
75.475
58.8375
40.385
39.5925
51.19
32.745
52.1075
60.1275
78.9375
42.89
46.1325
52.18
40.1525
43.4
68.875
65.9975
58.505
60.3075
54.6575
81.355
48.6775
43.575
60.0525
42.7425
48.9575
66.38
46.94
55.565
63.2475
58.6725
70.56
79.04
45.7375
71.7725
68.8225
71.7475
55.49
31.335
52.1325
47.6775
53.5925
58.5525
62.8975
60.03
61.875
59.705
38.2425
61.2075
85.81
45.82
52.205
50.2125
83.1725
45.325
51.5425
55.9375
78.1425
68.4725
66.1975
72.87
40.775
44.3775
59.61
71.7025
64.14
45.01
42.19
70.555
43.45
47.1375
38.9525
55.0125
29.3625
49.9025
66.965
57.32
36.915
50.83
50.035
83.29
43.45
42.37
48.8075
54.77
58.955
58.6675
64.895
87.5825
55.2125
71.3575
31.5425
26.6825
39.81
69.1225
34.3725
40.21
61.535
55.6275
66.3575
57.24
37.8175
60.21
65.575
56.645
60.3975
74.49
68.635
62.385
39.45
75.3775
71.8525
62.93
19.4
43.495
69.4125
53.115
74.12
43.17
31.465
37.07
73.035
63.5475
67.0175
59.145
47.3025
50.3325
38.465
47.5675
60.7725
64.3125
60.9825
27.7825
55.025
70.3575
65.93
68.0725
38.7775
61.105
49.745
69.0775
49.6
51.4275
33.7025
50.7775
68.0825
59.6675
49.755
79.675
66.67
44.82
79.0775
69.62
66.3325
39.73
45.1875
67.895
62.6725
53.3825
62.8125
52.7475
79.255
37.715
66.645
45.46
46.9975
80.62
57.3825
32.7875
66.4
62.62
65.4375
83.3625
66.0375
77.4675
31.255
60.8375
49.5325
42.7
58.5875
42.88
68.39
51.945
56.355
56.92
85.9875
32.805
69.81
61.18
47.8475
53.605
56.97
58.1625
72.225
34.55
65.79
66.8775
73.3775
46.215
59.405
58.2725
74.805
46.7275
59.015
66.5025
52.91
61.745
24.8325
44.5075
84.6875
42.4675
50.31
43.9425
49.645
59.9625
51.28
51.0225
44.775
51.975
70.6375
45.79
40.3975
47.3575
62.3975
46.4525
88.2975
46.7875
48.135
46.5725
69.555
43.4725
75.2575
62.555
70.06
72.0275
41.2
76.5075
37.24
79.64
60.2225
56.725
87.305
31.4875
51.58
50.215
40.165
39.8125
51.7075
45.845
43.4025
52.3675
63.935
55.3875
71.6075
68.045
50.9725
57.8675
52.09
50.47
47.9025
69.42
46.2825
55.4925
53.0
61.1825
75.895
56.7275
63.0675
61.025
44.835
68.415
59.52
63.455
59.6625
70.1
74.87
64.24
30.6575
46.94
58.12
41.375
42.9625
50.56
42.8525
25.52
71.2275
62.6425
77.1925
72.2675
65.41
53.0225
76.835
70.3
52.6425
44.775
64.0275
58.91
63.425
53.6375
39.9425
66.275
74.0025
56.545
55.3875
53.615
71.1625
45.545
36.275
37.9975
45.21
71.5375
55.26
63.765
54.6975
28.3925
78.4
78.9275
60.2925
43.62
33.69
43.4575
54.17
54.8925
35.145
57.755
49.5025
50.2125
65.92
56.8275
59.235
51.305
74.2075
49.5325
61.2675
55.0925
56.5725
36.6325
41.4275
42.5925
59.62
74.095
79.7725
73.9875
59.0075
39.105
47.0225
58.5875
67.7725
54.835
62.98
58.085
52.2025
86.19
44.55
54.2125
55.0575
61.735
56.745
68.88
63.575
73.0775
57.415
55.2525
62.515
23.265
68.595
68.8125
44.31
42.0175
55.6
42.7025
47.9725
66.1825
53.2725
51.7925
45.8775
68.8625
55.0575
36.02
59.38
19.435
45.9525
61.4975
57.115
51.765
67.35
73.0125
83.3975
26.6825
51.37
56.43
71.26
52.545
49.6875
66.82
40.96
49.35
49.9725
55.6775
66.64
71.085
37.1525
36.76
75.215
69.8925
75.0375
58.1125
38.8425
66.895
41.8925
52.69
51.775
46.5475
56.0075
51.1425
72.8975
27.3125
55.245
51.8325
46.975
56.1375
53.825
68.685
64.1425
21.3025
60.0575
43.6775
58.0325
84.1875
81.4825
61.8675
57.8225
51.4475
54.265
71.84
59.17
65.8025
58.055
49.755
68.295
58.0025
43.2075
78.705
73.3775
56.2925
37.485
70.3375
73.365
41.59
40.4525
53.675
65.0275
55.745
83.77
67.0925
46.9625
29.1925
36.2575
34.26
57.97
43.2225
47.2575
56.025
62.87
58.325
39.55
60.55
63.1825
44.9475
35.3425
42.005
54.6
56.1025
38.8525
46.145
49.65
36.805
34.555
40.745
50.8675
72.7325
46.3725
28.5925
46.635
42.16
30.8475
58.375
58.6375
38.695
45.63
66.4225
73.8875
50.705
39.9375
71.48
73.7025
46.425
59.005
39.79
48.8775
81.6875
55.1525
35.54
46.9025
50.7775
38.145
60.66
68.0725
35.1375
55.5725
36.895
64.1975
67.6225
51.74
44.87
50.06
47.23
39.485
65.6225
65.725
73.985
40.745
56.92
40.745
37.2075
86.7425
69.5475
46.7775
68.44
66.4675
75.3525
66.4225
40.165
43.925
64.855
54.3125
56.2125
66.27
65.5125
38.58
59.46
36.1925
56.3675
78.805
50.8725
58.815
73.1375
51.02
63.8075
35.3775
40.325
61.43
48.8925
66.0425
71.55
55.95
83.235
65.2225
74.94
50.915
69.66
40.3625
75.045
69.415
60.1775
67.8725
50.805
55.295
27.04
70.38
38.72
46.9475
25.12
45.2575
47.385
33.0675
68.8525
59.02
51.7175
53.7775
42.0325
43.145
41.84
49.595
47.6325
57.2625
31.4425
62.7375
75.4825
58.3725
56.8775
42.3575
61.825
61.36
63.535
56.09
40.3275
56.175
66.4975
57.75
52.615
47.3625
63.965
46.7625
65.795
54.485
60.61
66.4375
55.5925
58.03
56.2825
67.4625
64.7125
27.2875
63.615
35.1875
64.69
56.6525
41.265
55.3325
95.0075
51.3375
49.355
43.6225
26.865
63.51
49.23
51.6375
61.79
57.135
46.2425
55.7875
53.7675
47.37
68.4425
61.915
44.825
59.2675
51.835
72.92
55.4025
31.26
68.78
38.5525
71.005
38.885
55.9025
69.3125
60.4775
68.735
71.125
27.2825
69.9775
53.355
72.285
73.6775
34.2275
50.7425
32.72
75.7075
37.0375
74.255
74.22
43.7325
51.5175
83.3375
45.94
39.7425
54.5125
28.785
46.5
57.505
59.77
42.575
28.6175
75.1725
37.905
61.585
61.78
45.13
30.6825
68.83
46.53
50.8825
67.2525
53.27
53.9375
45.895
41.3725
56.22
60.83
32.7325
29.79
80.3725
66.22
46.975
31.255
45.3525
67.3225
45.4875
78.8875
48.7125
78.1525
45.0975
56.115
51.38
23.2225
62.7
49.5575
33.28
49.0875
36.8725
47.115
69.9975
81.91
52.675
68.405
44.6125
66.2925
52.99
53.345
67.49
58.71
47.20916666666667
66.96
49.135
66.005
73.335
86.51
68.3825
67.4125
36.56
40.9
53.655
37.18
55.37
55.3075
43.75
78.3475
66.715
47.28
68.4075
56.0575
42.1425
55.0375
33.8725
46.6575
48.1925
51.94
38.25
62.6675
75.2675
74.425
61.985
47.1425
53.2525
39.7925
51.64
64.475
75.0825
70.735
35.5025
59.0825
30.7675
54.3375
52.195
50.655
46.875
48.3875
47.82
40.14
56.3125
59.84
68.5325
41.545
47.01
41.475
74.0275
35.05
56.105
58.895
27.05
45.405
83.8
47.275
53.84
34.1375
51.385
41.115
52.2925
35.13
55.165
58.355
52.1
60.3125
63.355
64.6
60.0975
70.1
87.8975
42.1275
81.54
49.0675
51.8275
53.24
37.8225
64.385
46.5525
52.48
73.88
43.9575
53.7025
55.4875
54.7775
59.7975
53.6725
66.1425
72.0225
82.5475
50.95
67.1075
77.1575
70.505
68.3825
45.5
49.7625
27.95
58.92
39.15
22.8025
43.6175
80.5
58.1275
64.1225
85.625
68.5
73.2675
60.1975
37.14
32.29
40.94
58.3625
66.1825
22.525
44.6825
75.41
48.86
70.635
54.135
59.825
46.4175
51.9425
70.7775
58.135
60.0625
59.105
81.3275
46.4725
55.29
45.5725
89.12
51.3475
57.7975
43.9725
61.695
48.555
68.61
70.4575
43.5725
43.67
41.3575
57.58
33.7325
35.5325
52.0075
39.905
47.7675
72.5675
91.5975
65.545
56.555
78.63
52.325
34.2025
82.33
28.47
47.09
59.78
62.0075
77.9725
39.375
52.645
42.65
61.4675
42.775
44.135
74.995
32.9875
49.0625
77.48
41.225
70.25
33.11
59.6875
63.5375
89.085
54.6425
44.295
66.5625
54.87
56.9475
58.4175
78.7925
53.2675
68.86
60.3225
55.155
47.77
71.8175
28.1175
55.805
27.885
78.645
58.54
50.5025
41.625
68.235
65.52
58.53
48.38
38.6725
34.2475
42.005
42.8175
81.63
50.045
45.1875
77.8275
71.2525
68.19
48.0825
33.6525
25.1775
73.0775
54.1175
68.7025
76.63
80.1875
70.3025
76.0325
45.415
57.555
60.0775
69.845
54.415
59.615
54.8
60.9325
42.3825
80.67
86.735
59.3625
56.44
76.66
46.165
47.9175
36.115
31.665
51.15
53.8025
83.7825
82.985
56.61625
63.49
57.0325
40.2775
37.0475
38.1925
42.945
60.58
38.7375
70.28
76.715
43.4825
62.1675
40.0875
55.52
60.9175
31.6775
65.66
75.415
64.155
64.7575
54.6075
64.5225
69.8325
63.745
60.6225
61.705
64.9875
37.975
50.6575
78.745
42.465
74.87
36.66
69.7675
64.205
26.6
39.05
28.78
75.4625
42.3825
58.3325
61.8425
62.26
50.4425
38.6825
50.6825
63.185
63.605
59.1275
37.1875
40.46
39.8725
57.0025
57.72
56.45
56.7225
43.7125
55.355
56.9875
61.525
44.5
63.8825
51.3725
41.9175
37.0425
81.1225
70.045
64.035
46.2975
69.14
39.4775
69.645
63.8
53.015
52.15
68.2225
79.8075
58.055
62.8125
43.985
51.4
43.3275
65.23
32.2775
79.0075
42.8275
51.3075
66.5125
61.9325
63.785
84.775
26.435
74.7775
47.0
37.5075
72.0525
55.28
44.2175
55.06
40.5075
71.3875
32.175
58.595
53.97
35.49
71.82
49.9225
55.955
44.195
61.4925
90.675
54.045
49.975
60.4525
55.835
33.7725
72.27
70.93
61.66
68.2725
41.0175
23.7575
63.8125
39.125
47.68
77.405
54.29
56.595
77.07
49.7625
70.2175
58.7675
45.4475
71.9575
60.18
39.06
60.625
58.185
60.9425
73.415
69.8675
59.975
56.8525
54.08
71.83
41.2875
26.9375
71.3225
31.65
53.6425
63.795
67.1675
57.32
52.5425
58.3425
38.0175
64.33
78.4375
66.875
57.0075
46.645
46.32
45.3
46.13
44.89
62.625
62.9775
41.6375
45.39
48.77
48.545
72.29
43.5875
66.455
37.235
63.59
32.7175
59.115
30.9875
31.82
59.46
47.61
73.035
58.6375
79.05
47.0575
53.4775
44.23
37.7275
45.5475
63.2325
52.6775
40.4875
61.8725
55.1075
82.5625
64.95
41.14
55.155
60.2475
69.4225
45.2425
47.05
33.8925
67.245
51.39
67.7025
71.1525
56.8475
66.48
64.9875
55.07
61.7825
59.365
65.6175
64.0675
73.89
63.21
70.1575
60.0225
41.115
73.92
26.6525
63.47
53.695
43.1625
76.255
58.015
70.59
29.9825
50.865
74.98
64.8325
72.685
66.16
67.755
52.2375
72.8425
57.785
71.715
60.1225
45.385
70.955
39.5775
42.85
57.785
63.095
28.365
37.2775
27.7175
52.24
72.9375
73.5425
72.645
40.9575
44.675
39.1825
50.05
76.365
48.37
66.0975
68.12
37.125
64.7775
45.71
59.4525
61.9275
56.385
57.935
52.09
61.495
56.87
86.1425
44.735
64.2775
77.065
88.91
48.8925
59.1175
78.81
64.15
68.025
47.05
59.765
64.3
59.475
76.5725
74.415
70.3375
37.63
26.635
63.975
88.7775
79.47
49.99
61.515
48.5875
54.2925
60.7225
45.075
63.285
84.12
65.35
69.6125
29.485
61.435
49.82
53.0875
35.91
58.5475
32.995
66.93
60.635
30.975
55.8775
61.93
21.93
49.9575
46.9725
51.635
60.9875
48.55
31.6
58.81
53.675
37.8625
45.2
31.2325
59.5575
65.9775
63.155
61.35
76.605
34.305
42.0125
72.355
50.6575
77.39
28.7575
45.6275
45.29
71.0875
36.2225
56.355
55.9475
75.405
36.2175
64.375
37.5775
61.5
45.5075
35.23
50.6825
48.3825
77.9925
53.015
34.9425
67.795
30.6975
77.2175
29.6275
61.745
57.3375
60.69
57.5725
89.7875
52.2725
49.0025
68.1375
63.9225
48.5125
55.36
53.2375
61.215
56.065
64.6925
50.2675
36.9525
59.165
37.7375
45.97
43.54
61.925
55.665
68.925
43.7825
84.3825
62.785
56.5125
30.7325
60.2225
68.825
70.29
54.7225
54.055
44.545
71.65
79.8025
60.705
45.63
57.545
68.435
41.895
42.755
41.67
27.1275
47.9425
64.675
45.8375
38.95
72.685
35.8475
71.235
39.9575
42.9825
67.0125
63.545
54.615
74.955
66.47
56.0475
46.6075
49.8575
16.1075
58.5
74.31
59.745
32.6175
48.81
41.5725
76.415
62.7325
62.5125
35.9175
73.5625
55.67
63.2875
69.335
73.6825
65.0325
64.24
76.11
69.52
60.68
68.89
65.9625
62.315
57.6625
58.5375
69.3175
64.17
51.0525
80.1025
26.9425
35.2375
68.395
71.545
54.46
60.885
48.98
76.855
35.4075
41.5975
46.475
56.775
31.33
39.22
59.825
44.145
69.1275
55.5025
68.925
43.745
62.265
63.2575
33.385
57.0775
70.345
32.67
57.9
63.0
62.935
90.05
65.195
63.4875
32.115
42.0725
47.3875
47.22
63.7125
57.035
54.695
56.31
31.1525
42.2
55.5075
21.22
52.31
50.4575
74.0625
40.16
34.395
66.7875
61.4575
59.7075
68.6425
38.4
39.3775
61.185
48.595
43.95
64.665
58.5075
57.4775
44.3025
61.3375
52.8825
75.3
73.9675
47.7325
61.565
48.8825
70.63
25.7975
52.5825
65.1925
31.43
43.2975
30.88
68.575
36.375
59.6475
55.545
45.23
40.605
55.8075
58.55
38.915
58.005
30.5575
42.335
51.5975
31.775
38.3975
55.4925
85.65
56.2375
62.625
63.575
56.0275
56.1
56.345
68.6
38.5225
73.9075
42.195
56.04
53.825
38.62
70.2425
35.0175
59.815
34.9625
46.1475
54.93
45.06
51.4775
71.26375
44.5775
53.1075
45.7775
35.7125
61.7675
58.13
56.42
41.9925
42.7625
35.195
47.3425
75.475
56.5025
62.735
30.0675
50.225
69.6825
33.7175
49.4425
63.0625
57.905
43.5275
37.5
38.0
52.605
53.78
78.795
45.245
40.045
32.6625
64.29
63.61
33.14
76.135
84.285
40.245
43.0825
46.6
64.2075
51.74
50.8225
84.9725
59.2575
45.0775
64.6425
55.595
70.56
55.7325
50.49
48.805
38.8425
63.26
67.4075
62.9125
57.25
55.8075
64.46
44.445
81.05
54.985
65.5175
75.6275
58.875
26.0425
62.735
69.5275
73.8425
74.2325
57.95
66.2725
65.705
45.31
75.64
31.8375
70.905
73.3075
65.1825
52.5
74.36
71.685
56.3225
83.95
43.15
70.3
43.745
54.28
53.3375
51.1925
64.3525
69.3725
48.4225
48.595
75.7175
56.45
55.485
59.4475
72.7775
45.8825
32.38
48.9375
32.285
74.0625
55.395
50.1225
54.575
36.5575
57.435
54.255
53.175
55.835
51.4875
38.305
63.615
87.3925
47.4975
46.86
78.52
62.0575
54.33
54.8425
42.9525
39.31
42.975
40.495
38.5975
59.0675
64.0125
71.6675
73.9475
60.1275
38.325
40.3825
51.9625
64.74
62.4
68.2725
68.0225
49.565
45.755
53.71
56.22
38.075
36.45
31.9975
58.7325
38.7975
66.565
73.2825
59.7
70.42
89.935
58.805
34.155
57.9025
38.0475
41.995
51.6225
55.045
53.4875
33.4925
33.6675
70.43
43.9125
65.89
54.4775
46.1775
45.61
57.125
70.72
43.435
50.0225
71.315
57.1325
38.8475
36.71
37.2175
41.0725
79.7625
68.2975
46.86
60.21
58.2
45.26
59.425
54.1475
73.9825
61.26
45.1
55.83
86.3675
30.8775
76.4225
92.05
53.8725
32.0775
59.015
47.595
49.1175
70.7025
65.065
56.3625
49.485
68.4425
70.07
75.1725
38.7625
44.6725
49.145
87.8325
54.9425
40.3175
68.8875
57.6125
32.59
65.18
57.765
56.1975
56.0
52.0
66.475
45.8625
53.9875
55.9375
74.55
74.525
50.5525
64.0025
49.03
43.675
68.3225
59.95
57.1575
60.985
65.2475
57.645
64.2075
29.1675
41.72
50.8
72.97
64.61
51.535
49.7825
43.8425
44.8525
69.72
67.16
73.935
52.1125
77.61
68.59
54.6425
51.32
42.2225
52.68
26.82
50.0725
52.5925
58.315
80.095
22.2475
73.24
50.59
44.195
34.235
52.395
37.2375
46.7925
57.965
61.4
51.6625
74.5125
58.18
67.5025
47.3425
76.2475
56.9525
48.7325
54.5275
50.8625
45.9975
66.685
55.985
73.675
41.3225
43.460625
60.795
76.55
47.245
66.26
49.7875
63.6875
47.04
76.4375
62.305
50.9075
45.5075
51.3925
39.165
35.055
47.505
58.2575
49.88
61.935
24.755
64.08
49.0725
74.0
59.8175
53.2025
63.5575
83.5925
48.605
48.68
78.37483333333334
74.2875
28.29
73.775
87.005
63.505
49.1075
39.64
51.875
45.9775
72.3525
38.4875
44.635
45.985
58.1025
63.7575
79.195
32.75
80.945
48.3475
64.105
62.3675
66.585
60.355
59.34
59.97
58.325
58.07
61.38
35.2825
42.3475
35.7925
32.5325
64.475
71.1425
42.47
66.035
61.8075
27.505
48.1625
66.42
38.5525
44.805
44.6825
58.625
76.3575
39.81
44.7975
42.2925
51.4
38.355
47.5825
45.5375
67.455
71.6125
67.1575
54.5
45.805
55.61
39.7475
56.2625
59.815
60.69
44.0375
50.43
74.9775
45.7275
48.295
41.135
45.765
79.695
52.0725
75.02
61.1325
66.925
54.5275
79.8025
42.125
62.4975
60.345
55.8825
80.5225
61.4775
35.3225
66.9875
68.45
46.06
69.4325
53.31
39.0775
44.18
58.78
62.0775
50.3975
67.685
62.065
58.7725
39.515
60.6675
42.2425
63.0075
71.82
51.74
79.0275
53.2675
57.0625
45.4775
67.9125
61.5175
74.795
40.09
77.3975
57.8325
50.455
27.0675
42.4925
50.4375
71.3
56.775
52.3875
79.575
64.1525
71.8475
78.0975
67.6825
41.5375
67.1225
66.2825
57.0
67.38
37.2725
39.78
46.6125
49.0325
59.98
45.88
39.5975
64.2525
35.6325
59.0625
48.52
29.515
49.9375
71.5425
44.3275
58.9225
75.9075
60.4825
56.62
38.705
62.2425
52.0575
80.305
45.475
38.06
80.9775
52.4575
69.1175
43.56
33.9375
45.5125
60.515
51.365
59.685
74.7
74.385
59.0325
69.605
65.0925
57.21
37.0025
55.305
65.735
60.7675
41.4525
46.45
37.57
64.255
24.595
44.6525
65.57
74.995
73.7475
73.7725
63.775
51.8475
56.255
48.3375
47.86
78.8825
59.6975
64.2325
43.59
60.07
72.33
64.425
53.4825
55.8525
51.985
28.3975
54.28
61.68
50.4925
48.1675
50.7075
66.835
43.25
63.5625
62.405
71.89
75.44
64.545
67.9875
53.72
34.0875
72.725
49.42
65.5225
52.9725
57.385
60.7475
57.2125
49.69
45.445
64.6
48.6725
49.58
53.03
38.3575
62.28
61.875
59.4775
52.96
75.1225
61.33
69.69
55.0625
61.3725
50.6575
73.6525
43.88
61.1525
43.0675
43.115
85.615
58.0525
63.61
36.25
54.1125
62.0075
71.06
60.4275
46.25
59.9275
49.5675
46.3375
40.3525
69.1775
34.4025
53.465
34.6475
49.11
48.075
51.455
47.7425
33.68
64.4175
60.03
73.5075
39.51
31.95
69.165
44.555
70.9375
45.4
62.575
51.8275
62.07
77.59
32.615
43.63
67.3875
68.56
59.635
42.9925
41.2725
81.17875
75.1325
68.285
50.02
74.6425
63.0075
80.7175
54.705
65.6275
38.8725
50.9
66.94
55.5225
52.15625
25.985
68.2775
53.2725
50.0825
41.405
25.6925
39.225
58.995
60.8375
69.4975
60.6
41.8925
52.3825
64.565
31.9775
43.615
56.8275
34.6475
45.845
62.57
67.405
27.3375
66.07
54.7225
46.77
49.475
30.8675
69.95
57.115
53.3
63.9325
40.725
59.495
64.9075
46.5025
74.4125
50.3375
73.9725
67.4725
42.7875
77.5475
50.09
36.1125
70.46
41.405
51.06
62.58
56.395
65.4175
78.225
64.6225
48.9625
73.1675
31.7
67.7625
72.63
80.31
60.845
41.28
72.395
37.4975
36.62
30.875
64.7
90.7375
58.58
45.5925
45.94
47.265
85.44
34.245
46.115
60.25
42.88
63.83
53.5475
52.1025
52.29
36.3125
71.7575
43.3625
29.515
83.1
54.715
47.09
76.0925
46.435
53.06
47.135
61.62
52.2125
72.0525
41.5975
54.01
35.7675
48.9175
73.04
61.22
53.4625
50.6375
69.3125
53.865
66.9225
72.3525
47.0825
73.1
39.5775
52.9025
38.0825
58.5175
59.3325
56.975
40.0575
71.54
61.025
66.5675
55.085
77.245
37.6775
77.525
50.035
48.23
37.76
63.845
43.5775
42.1225
60.255
65.7175
41.845
51.145
58.8775
66.4225
55.6525
46.715
49.725
55.425
49.76
41.705
69.2075
61.2825
63.0675
60.25
54.71
70.2975
43.77
35.7675
52.5025
50.5075
61.5625
67.45
47.865
58.6275
41.1875
51.06
70.11
48.165
70.1725
44.5025
26.2375
40.5175
43.005
45.6025
56.085
69.5825
65.1925
55.245
60.1675
38.72
49.405
36.0225
41.245
24.1475
40.275
67.3275
50.9925
45.17
62.5025
49.875
35.44
45.0375
97.555
77.79
70.89
44.465
35.4575
22.4025
60.2175
75.2625
56.7725
68.1925
51.1575
40.2175
60.6475
80.29
59.3775
29.0275
67.7075
59.6975
48.5275
55.7375
31.94
24.24
54.735
68.7925
59.81
66.89
56.1225
81.07
50.355
63.4
68.0475
80.1075
44.9825
44.6175
51.235
47.85
66.385
62.8075
40.0975
37.3225
68.8125
49.915
44.07
42.7775
46.865
55.065
60.7975
32.64
64.055
75.15
49.6625
71.3175
55.5125
67.96
75.27
34.6525
73.0225
60.5725
72.975
37.87
67.4225
27.5375
73.0975
40.59
22.5625
42.4375
60.6125
56.7025
84.175
60.6125
79.5325
68.2175
29.4825
51.78
50.96
73.2625
63.7375
72.02
70.0375
46.2125
61.6475
78.2675
65.1875
42.195
40.0025
76.2625
44.2775
60.21
68.9875
34.535
21.875
41.16
49.4775
60.9775
74.7875
54.985
44.38
87.935
51.3225
55.4675
55.125
69.2575
48.155
42.0075
74.5025
68.7225
47.42
46.31
37.675
69.525
81.61375
41.43
65.465
33.5725
52.485
63.69
46.75
51.6075
44.215
54.81
62.1525
46.6825
56.715
42.8775
48.8175
52.1925
51.13
66.51
62.09
74.1925
53.21
65.695
63.02
65.205
57.8375
61.1725
69.8475
69.4325
66.0625
66.1
57.6425
51.875
59.3625
63.22
51.225
60.155
55.36
42.49
46.8625
60.575
62.8425
55.7175
58.7525
69.2825
62.2525
70.59
46.63
56.8075
59.81
39.665
61.625
48.515
48.1275
52.75
47.1875
35.6175
41.97
46.7675
34.7925
59.885
62.35
44.38
41.565
55.6675
50.635
72.5225
37.29
37.275
61.195
25.6225
71.7575
27.1575
53.775
41.6725
67.6225
35.425
61.66
62.13
35.7125
32.225
43.84
53.96
65.99
42.2225
54.435
75.185
73.5725
48.4025
58.29
47.4025
50.5125
50.9575
55.78
46.6325
49.775
58.615
41.575
65.545
65.9325
39.295
28.795
31.625
44.3025
41.3425
42.375
54.17
50.35
47.8875
69.0825
54.75
49.7575
50.1575
74.8925
35.2275
55.75
54.6725
69.605
63.2975
51.2
60.26
52.7675
50.105
75.3
41.91
12.8825
36.49
61.8875
41.8775
78.9725
54.5325
59.3275
44.8675
46.8925
50.25
42.54
45.4675
36.435
49.66
46.0125
47.325
74.2525
80.765
81.78
39.525
51.235
36.6325
54.2525
71.715
28.34
70.915
60.9325
73.8475
65.72
54.6425
64.53
50.915
54.805
79.56
48.245
44.635
66.2725
63.3325
53.515
53.8675
54.565
58.2875
71.3225
73.475
32.625
62.0875
53.9375
42.49
41.83
68.12
48.665
51.5075
48.72
46.6375
49.235
69.9775
75.87
77.9575
71.4525
42.84
60.8975
83.0275
68.1
42.315
61.4275
53.9625
52.755
60.1475
60.2
57.35
34.45
55.045
53.25
61.1975
33.84
95.735
79.1875
60.6825
63.445
61.0675
42.0825
69.465
65.21
57.0075
79.0175
61.9325
45.05
40.2075
47.18
45.9225
71.56125
64.9325
68.66
65.1175
31.185
51.175
51.7675
55.5625
63.1875
56.675
38.065
62.47
66.835
67.5
36.0025
66.21
56.36
46.715
75.66
52.62
43.3025
21.51
65.9825
51.0725
54.3275
68.3125
27.6525
51.9
43.2725
57.675
39.7075
48.6325
48.005
27.7725
42.895
32.22
71.71
48.37
82.9575
48.7825
70.3825
78.2575
67.59
42.5325
42.8325
73.2775
61.4875
42.02
76.88
39.0725
73.22
89.395
69.7025
69.8825
38.33
51.45
43.825
61.4525
46.57
52.02
47.16
46.725
48.995
53.37
74.32
57.64
59.5725
75.1225
80.2825
42.4775
43.06
75.445
42.8275
58.8925
64.16
55.6075
57.09
65.975
70.09
60.78
61.985
71.3
40.045
53.0225
46.825
51.005
70.7775
63.765
52.1775
49.8625
44.2975
76.2925
34.65
68.9975
60.32
49.2275
34.87
61.2925
74.91
69.25
45.91
36.79
58.36
54.09
34.875
44.37
45.16
64.4125
60.135
52.6725
67.25
62.4025
57.125
77.355
57.2125
53.645
53.9425
48.755
68.9
57.4
56.0875
26.4675
57.9975
68.1
34.875
50.61
45.54
59.225
68.4075
41.6875
73.49
45.6275
55.65
41.305
40.6275
60.1
35.24
64.4675
34.8275
55.07
33.4275
37.7325
44.45
46.6625
36.3925
60.705
76.2825
49.7475
63.715
72.5575
55.4425
42.79
59.095
54.91
42.68
53.4125
57.03
76.8275
73.6625
44.1675
22.94
49.9
74.12
56.4325
29.6375
26.8025
49.145
38.235
57.33
42.375
72.565
62.31
51.125
50.605
67.2125
67.5175
61.95
46.4925
53.0875
71.5625
42.72
58.8225
76.805
62.475
54.42
66.0875
36.85
67.0675
53.1475
74.21
36.0075
70.8325
43.9925
45.9625
44.23
65.2075
35.9775
64.7225
48.7475
68.72
39.995
65.1
53.57
69.605
36.1375
43.2975
69.3875
50.3825
33.1975
53.535
51.045
51.71
30.4025
30.8675
72.6
59.2075
65.6625
61.54
64.2275
51.185
72.35
61.265
60.2175
79.7325
36.17
41.9425
59.6975
59.8725
63.0025
50.7225
47.69
40.84
53.235
64.3175
64.44
38.8375
47.51
34.8075
85.1375
54.1825
77.8075
70.0425
45.2925
57.195
54.845
32.6775
72.2825
58.21
68.125
48.79
48.8475
46.6875
61.085
64.69
46.0725
42.82875
59.3575
53.235
46.6025
37.95
64.3
35.085
61.525
64.6825
73.3725
60.495
32.8225
50.71
37.5975
28.005
85.685
62.9625
57.7775
40.1025
37.745
76.235
42.5375
60.28
56.26
62.925
66.2075
60.58
56.1825
71.1275
79.2525
63.2175
55.1175
50.8475
57.6025
76.0725
41.695
60.9375
47.665
78.705
80.345
45.1825
43.6775
46.3425
45.15
66.84
64.4175
56.795
69.88
48.46
67.47
55.6
69.5775
57.535
27.68
37.1075
75.6925
68.81
50.695
64.8725
68.93
49.3275
47.35
65.805
45.77
44.2825
48.7475
36.815
38.3775
53.1375
70.2275
45.6425
43.45
44.585
60.6425
66.29
53.115
36.9725
65.165
49.925
54.99
67.7175
55.6075
74.9225
48.245
72.1925
65.495
63.4275
32.01
70.85
64.5925
35.9025
65.1675
64.67
27.3925
47.59
65.4925
60.8525
45.605
50.3925
61.265
47.8425
45.435
54.4125
62.1
55.82
43.955
56.8725
42.275
42.1875
57.1075
68.5175
46.8725
44.695
65.315
66.955
22.4675
47.6
50.41
52.6275
64.4525
63.925
45.4
69.4975
62.2125
68.8775
22.8925
51.26
32.135
54.66
36.33
37.655
70.9875
81.995
51.6825
20.4675
67.1575
51.96
50.07
74.145
54.5075
58.5525
54.475
41.6275
76.515
45.6525
30.14
62.165
54.8125
31.7
48.575
52.99
55.74
50.77125
47.6925
44.805
74.0625
44.035
27.275
73.17
45.32
58.1025
76.535
53.5875
53.3325
46.0175
30.8325
35.105
34.5075
52.2425
39.405
50.1725
65.49
43.315
34.4125
70.48
52.6
74.2925
56.885
56.065
55.3125
53.725
52.8675
19.54
39.415
37.67
48.575
55.9925
50.0275
74.9875
57.9575
35.755
57.46
47.3125
62.2
81.28416666666666
39.9875
70.0775
82.6375
68.52
46.7075
69.825
77.58
58.6025
69.3025
67.15
58.18
60.82
54.5
53.215
50.09
50.1575
52.99
70.355
54.81
69.4925
63.8725
60.5375
58.755
69.38
40.1425
52.445
48.845
46.8525
56.7225
45.39
60.31
60.3175
69.0425
69.08
47.0175
70.03
33.5475
38.615
33.4525
54.8425
45.405
66.76
54.61
38.4225
59.2775
51.135
73.4275
34.6225
72.21
35.2775
40.37
70.87
56.7375
53.1275
38.7175
57.25
44.0875
43.03
62.675
36.7025
69.1975
62.195
70.3975
59.7925
62.62
86.035
45.5675
49.875
36.5775
50.88
40.3575
54.9375
42.5875
51.865
65.62
40.9725
68.835
73.6
70.835
56.3125
34.945
36.985
54.14
36.805
51.515
73.2475
46.9775
44.8425
44.2425
76.4425
51.1625
65.385
62.5625
62.78
65.5
30.5925
53.105
48.4275
55.71
55.72
63.18
51.965
64.77
41.0775
75.9375
47.61
59.9625
44.7475
26.3225
56.0075
69.9825
69.8875
51.2475
50.45
61.105
60.7425
39.8925
40.025
59.2225
45.0825
40.7875
64.415
78.1375
58.1875
50.8225
55.8175
54.655
36.22
65.0375
66.375
54.6275
58.7775
49.655
57.745
82.7275
38.045
45.995
41.9275
49.4375
45.765
55.7275
54.98
47.0425
33.0075
75.945
64.37
47.7025
64.2625
36.37
45.0425
49.1475
73.8975
74.9
60.32
12.36
78.1975
79.97
40.7
39.0975
49.125
62.505
75.37
42.37
30.7225
54.21
48.1525
47.4575
61.975
47.1225
68.1275
62.50333333333334
73.7925
47.0075
41.835
59.32
76.165
42.1275
26.7325
52.9475
63.825
50.075
31.9075
61.1775
39.8125
69.0525
62.785
35.48
63.7675
68.5275
55.9925
63.7275
82.2625
55.0825
25.3425
56.285
45.945
58.3975
73.15
56.9675
47.8375
45.845
41.35
43.0725
58.8
72.0775
67.2625
56.41
28.765
47.2375
63.705
32.92
74.8425
67.77
39.91
51.4775
57.2525
65.03
69.4475
70.3425
41.705
61.21
48.6975
36.6175
64.105
58.325
35.6125
69.4225
76.0425
65.7825
40.1625
33.15
64.97
67.5975
67.885
45.315
52.46
64.6725
42.22
52.5125
80.035
78.21
29.91
71.56
59.095
75.625
51.96
56.2575
55.53
62.3225
69.8475
51.3
69.7475
83.285
48.3975
69.925
61.57
61.895
70.09
46.6575
69.055
47.12
83.8175
54.115
66.9225
59.0625
66.5275
72.155
30.985
59.395
38.575
58.6125
28.145
75.7275
77.85
34.67
51.4625
53.32
74.2675
57.7875
48.3925
46.4175
52.8425
46.615
69.3075
74.295
54.63
46.3725
66.18
47.405
69.205
72.42
44.8225
69.5475
45.1625
53.4575
62.595
43.35
62.1575
79.85
67.8175
51.115
70.035
74.2575
35.5275
42.15
60.3375
54.5275
47.305
30.47
70.275
64.4675
23.03
62.98
50.4775
48.2725
47.5675
67.615
38.9
48.56
88.5825
46.1175
65.33
81.9575
36.1
49.045
79.0875
77.66
42.91
53.715
58.75
76.2
55.89
54.1525
50.92
56.215
37.975
43.145
73.465
45.29
57.2
51.3275
51.2225
32.24
27.35
47.27
50.435
51.0375
34.63
25.39
62.1775
35.2625
74.3675
56.805
41.7925
56.0225
53.8775
85.1125
70.6425
39.0575
42.925
63.7925
41.195
45.0325
53.385
83.0975
54.0575
64.55
41.3725
69.7975
54.965
36.3275
46.4975
73.6925
54.015
32.99
77.17
44.1325
60.3925
74.015
54.1175
42.485
55.535
65.6675
34.075
42.7325
87.0075
56.125
70.0825
69.28
61.3775
46.935
72.8675
71.955
35.6675
51.1925
48.1825
31.5125
48.7375
57.2075
60.9
79.3525
38.7
42.53
59.515
63.97
32.44
41.555
77.565
51.08
60.77
60.42
22.3175
51.7075
39.445
36.475
40.7025
77.7625
65.18
64.3075
37.415
59.785
71.35
61.8325
46.9425
78.715
73.625
50.0375
64.755
66.3225
72.175
82.64
68.3875
78.125
57.31
40.4675
45.4575
46.51
53.65
67.06
60.635
71.4625
43.3675
65.1025
75.6225
59.65875
39.59
47.955
61.6775
61.5425
72.86
54.45
61.93875
63.71
27.67
53.37
62.6875
64.215
67.4475
55.775
71.1875
58.99
66.8075
46.6025
76.045
45.8375
46.225
49.4275
59.9475
58.4175
49.6275
43.5775
61.255
50.1325
55.635
70.73
85.665
62.925
46.9025
32.3475
69.2525
60.14
52.885
50.2025
66.7875
68.835
68.55
70.14
54.16
48.6425
35.185
59.0625
63.24
75.3725
79.2075
45.9175
72.4075
51.06
45.03
50.5925
70.485
82.3475
55.9225
52.175
76.515
48.23
63.9775
84.9425
62.3775
46.0075
41.375
39.2675
35.2225
61.415
58.8075
66.865
71.04
48.62
42.51
76.195
53.1775
82.21
67.955
55.765
65.8775
84.6325
68.2975
42.3775
56.4325
74.73
58.0125
81.4025
53.9225
63.5875
64.7375
65.28
88.04
37.6975
52.2125
63.2875
54.2425
79.1075
36.885
74.5525
31.115
59.6
48.595
41.7125
54.845
54.8075
44.245
55.0875
53.715
69.415
58.8075
56.98
68.8925
67.0
47.9275
45.8425
44.63
50.165
56.8225
48.965
65.5825
40.75
45.3825
76.825
57.815
69.44
56.33
78.1075
45.1375
75.995
53.57
73.2025
58.1625
44.175
51.435
54.9825
45.87
63.765
54.4525
48.3975
48.7075
34.31
36.22
66.475
42.1325
34.685
86.4775
49.2325
50.6425
76.715
44.4625
51.5675
47.4925
44.6475
58.1875
48.31
72.575
35.85
69.47
37.365
39.9075
36.58
51.6775
60.12
64.3825
57.35
64.8525
72.7275
78.3625
25.0825
75.905
50.895
49.575
61.8
48.3
49.7625
43.3625
62.6125
74.665
41.6225
58.9275
69.5975
72.57
41.405
65.1925
39.955
44.465
58.8
35.2175
44.7425
60.7625
55.4475
61.72
46.3975
48.69
61.9625
31.09
82.52
52.685
48.2925
45.77
51.8725
64.3875
53.145
57.3725
39.975
53.6775
39.335
76.595
59.755
77.5175
40.5875
38.9275
46.3625
60.415
47.2675
61.79
51.615
44.775
54.4975
63.3625
43.385
49.6575
51.8275
41.5
40.2875
55.765
63.565
58.91916666666667
55.795
55.705
41.7875
23.075
37.3775
51.725
59.0125
60.0175
72.7225
27.0825
72.97
41.6075
51.36
69.9725
75.5525
60.615
76.175
72.3975
53.61
58.465
37.9375
59.8025
55.4175
55.76
55.0125
64.165
64.035
64.305
56.975
49.85
73.0825
58.415
74.94
64.505
64.6875
63.92
78.5475
45.8375
45.1075
90.9325
51.3925
31.0
70.7275
69.49
40.7825
60.34
85.2825
42.54
56.0875
34.8025
52.5475
34.125
61.38
34.545
51.2825
31.8725
73.955
18.455
63.2275
61.665
33.385
54.16
42.225
78.865
71.7275
70.3225
37.1925
59.6375
28.4225
32.6775
58.2525
60.6175
37.3575
66.105
86.955
57.51
63.5125
51.4975
37.28
33.75
63.46
44.4475
81.565
33.1525
47.095
38.0675
61.41
68.4475
41.4675
54.3275
50.88
36.8525
75.58
50.43
43.415
73.07
34.32
61.4425
44.2825
61.735
71.9975
43.52
50.8425
71.24
71.725
36.775
62.48
58.5925
62.0075
61.495
78.33
43.4675
57.8625
73.9775
55.0775
41.8425
64.74
65.5625
57.9
34.135
55.6425
52.9325
24.13
36.1275
44.2875
49.24
81.305
28.7025
71.915
51.74
61.6125
31.2375
58.7625
68.5275
58.54
48.0475
61.05875
58.5625
32.38
74.805
60.995
54.675
30.9475
28.525
69.9325
50.1275
52.6425
57.235
25.545
67.4025
51.3575
46.19
74.55
64.9175
51.8925
84.3875
48.72
38.56
27.4725
59.7925
61.7825
76.2925
75.305
70.885
56.645
48.7075
80.0625
65.93
66.555
35.715
52.765
72.3075
43.375
43.71
62.2175
47.11
40.3175
42.445
68.2575
76.18
57.5
66.48
63.0825
68.88
45.0775
60.025
58.995
39.89
40.0575
68.9075
49.1275
40.675
55.07
59.785
41.41
24.905
43.725
48.61
41.095
36.42
63.915
52.525
79.27
35.595
58.9775
37.815
77.9625
66.23
67.225
77.0975
51.66
50.19
56.73
62.1475
44.9075
63.7225
65.4825
34.74
39.96
49.6475
34.405
66.42
57.5375
50.8225
68.805
75.145
50.3375
32.4325
33.9925
35.04
68.4625
45.73
37.75
71.77
51.17
41.805
71.7575
53.125
27.8825
66.9775
46.795
73.72
78.6475
60.44
61.635
63.2625
65.76
66.755
60.6175
51.96
72.41
51.1075
76.9475
53.9325
84.025
55.425
39.3225
77.3675
52.2025
74.845
60.74
59.55
51.53
45.1375
55.24
30.655
64.0375
39.0125
53.8175
70.2075
84.61
67.0875
58.2075
26.895
43.6925
47.1825
67.2875
58.7075
37.905
62.835
33.015
39.5075
69.755
42.26
63.6025
73.825
64.405
62.48
45.02
71.7225
42.685
55.0975
50.5575
62.6875
33.235
60.2125
63.365
42.29
57.505
40.7675
56.23
70.0975
70.8775
38.825
76.6975
66.015
61.7925
30.29
38.1825
67.5775
59.19
28.14
50.0275
52.6675
31.9775
70.42
72.3875
47.435
63.6425
72.9425
69.23
80.1
69.94
56.795
69.9875
68.41
54.4025
50.835
27.715
69.7075
56.4725
81.555
69.55
45.8125
59.6725
42.465
35.48
33.3925
70.605
36.5
70.05
47.5975
59.4575
78.8875
57.555
54.33
71.535
94.1825
33.4
57.585
69.71
67.6025
58.51
71.1475
44.975
61.7525
80.005
66.065
60.4925
48.87
64.46
94.8325
35.49
37.3925
51.8175
55.215
44.07
59.5625
31.0425
53.54
41.9875
69.0025
31.5625
75.035
63.6125
55.5275
70.755
40.1325
58.77
45.4975
37.745
79.395
39.1925
69.1475
46.65
36.88
58.9025
46.36
56.495
51.6475
59.6775
68.025
66.84
67.8725
27.3475
57.53
68.3125
33.5225
54.1025
53.785
42.705
78.485
34.3825
68.205
61.78
43.9575
71.7225
56.77
58.825
92.2
48.8875
60.9175
67.6425
68.8225
56.05
70.3325
31.4175
58.095
60.9475
55.4975
50.6025
44.3475
56.3625
70.0525
59.17
46.0225
36.3225
71.7825
70.45
76.2925
70.63
78.45125
62.4775
54.3075
64.485
72.6775
51.1325
44.4025
78.895
82.605
73.09
54.6625
55.1725
48.205
64.5225
32.1875
38.955
58.265
51.935
21.6525
46.61
69.07
42.105
58.825
30.17
45.94
62.0375
61.7375
26.0275
60.395
51.44
68.02
72.285
51.36
46.7725
52.795
69.5825
56.1025
35.1325
70.7875
44.8975
28.9575
65.175
42.7925
46.8775
63.1075
55.1225
25.755
57.4125
61.4175
83.795
52.85
52.6625
45.365
54.15
75.5
46.46
25.7125
62.5075
45.395
40.365
77.61
47.725
66.2175
68.3925
57.055
43.285
44.385
57.655
43.1225
54.8225
21.3825
84.545
57.9225
35.04
55.5825
44.9275
27.3825
52.095
61.8475
55.8475
31.2525
78.2325
67.665
43.2625
41.83
57.02
52.135
56.8875
62.7
50.08
49.575
49.44375
61.4425
59.9525
49.89
42.26
58.2775
55.365
29.7125
88.705
57.43
66.6625
74.3925
44.3125
64.5775
58.22
58.1625
51.385
38.425
39.09
65.1
46.6
35.285
73.6375
60.8625
75.015
70.31
49.055
72.915
36.93
68.2875
46.105
52.3525
38.5975
56.435
38.375
53.09
54.06
54.8675
45.6775
70.5025
67.8725
73.3
36.765
66.37
76.545
62.11
88.6425
40.7675
49.715
48.595
66.85
57.825
46.615
20.9775
65.6925
39.0725
59.78
36.555
64.9475
58.15
47.0875
47.885
60.41
45.1975
16.67
32.5625
75.005
62.96
55.66
60.7675
57.0675
64.17
66.84
53.93
46.3325
43.4625
54.99
79.26
55.2575
49.8225
62.85
83.375
62.065
57.9125
75.8875
34.16
26.18
69.3425
65.615
52.57
24.9675
42.0625
58.48
39.4325
51.4625
43.6075
74.04
46.5975
53.595
61.0775
36.6625
58.2325
63.6025
45.005
46.0275
62.8725
56.3125
62.51
40.0275
46.095
47.3075
65.9525
37.3325
72.7875
60.95
45.935
50.9875
41.3925
32.645
53.5075
64.62
45.2825
27.5425
42.4425
46.7675
61.07
72.255
55.835
51.4525
50.87
32.7875
42.7225
74.7325
54.355
34.7775
72.1925
40.135
50.2125
43.4325
39.3275
84.265
52.5275
63.6275
55.0225
60.9375
46.635
73.295
29.915
69.39
68.4175
44.72
44.275
33.145
52.265
70.9375
47.6375
44.335
49.875
40.975
68.1975
58.755
86.4325
43.16
55.32
37.6025
69.655
59.0775
47.5025
51.195
40.9675
38.9925
71.93
49.215
65.91
75.705
69.97
55.6125
59.89
35.985
57.505
92.035
35.58
44.3475
42.6675
43.1675
45.02
72.05
53.41
47.6575
71.6025
61.365
63.13
62.79
64.7
70.72
65.7375
54.22
31.1275
74.715
42.72
40.705
40.5575
44.65
42.57
47.685
59.7575
58.67
94.3475
57.625
64.73
41.3
52.0725
50.3
78.18
61.455
61.4575
37.705
29.65
54.205
54.4325
57.195
64.66
47.1375
68.3425
54.0275
55.875
61.0625
42.6575
66.485
71.76
60.695
31.1125
65.69
60.23
65.49
29.7775
54.3025
51.93
42.1375
64.9525
44.2275
49.15
44.67
52.05
46.67
43.75
51.75
63.3775
47.4575
45.2475
63.9125
64.2375
51.4425
40.67
57.2
41.2175
59.6125
56.8875
50.705
65.635
70.0525
35.43
42.8
50.345
65.365
57.38
78.0575
51.7975
57.685
67.345
55.22
73.0425
56.8425
73.025
55.86
66.3775
68.0075
40.4
44.57
52.73
62.17
56.1175
66.5925
49.9475
50.8325
50.8925
58.415
58.045
52.87
47.1325
63.8875
51.8225
36.125
43.265
50.1675
62.3775
66.0525
58.3925
61.61
59.63
66.545
54.6075
51.425
74.645
43.4725
46.7025
35.16
72.67
52.1925
49.29
37.24
40.8325
55.935
50.925
54.1075
68.415
58.1875
64.1225
40.6475
40.1625
54.2975
51.5225
49.83
69.5
70.6275
82.455
33.5275
27.8275
54.145
40.405
53.7725
37.355
54.845
57.5925
38.5075
44.23
60.9975
49.615
43.88
47.845
56.22
60.24
43.35
61.7925
50.34
66.5575
64.16
42.36
68.0875
64.3575
76.2975
33.6375
56.6125
49.2625
48.9575
51.495
36.735
81.395
42.365
57.94
53.65
68.7775
69.4175
39.2725
73.2675
62.455
77.6125
66.09
64.8075
71.3875
78.13
78.3325
60.63
55.3425
66.1075
62.9575
44.9975
71.655
60.91
90.535
77.765
42.675
63.4625
60.03
44.5125
57.8575
75.9675
51.3075
70.35
74.1975
42.645
69.0425
44.38
81.0875
51.4125
37.9475
51.4675
70.69
60.215
61.335
46.5175
53.2525
35.085
49.595
65.6075
67.475
33.2725
55.39
73.7975
67.8275
62.0075
73.4175
71.6875
41.195
37.415
20.75
49.515
68.6225
59.95
43.905
61.07
78.5875
91.0175
56.9325
57.7875
38.7675
45.2625
58.125
46.6725
50.1
36.445
52.5375
63.6575
68.775
45.545
57.115
68.97
67.825
44.1975
49.9525
60.175
20.65
47.3025
59.935
66.765
38.6325
58.2675
73.9275
55.4825
79.9175
42.8
65.8025
69.9975
53.5275
79.2875
53.9925
68.575
82.5575
53.9875
62.15
61.4275
48.8875
64.06
57.53
72.49
42.585
38.465
65.1675
31.0175
63.1425
58.0325
45.9225
40.2175
50.8875
50.6325
55.4375
41.155
56.1375
57.6075
41.4825
33.035
56.25
51.965
55.96916666666666
68.925
56.005
76.785
61.055
61.3325
77.2
69.4675
57.0175
36.745
61.725
21.2525
45.8575
21.7325
60.485
61.0475
43.87
56.52
51.3175
53.285
79.1375
40.92
49.4025
45.705
29.125
39.3225
43.1675
67.2575
45.7
32.1125
79.1825
55.915
46.1475
55.6925
71.9825
51.97
41.005
66.6525
64.2825
52.435
43.51
77.3825
59.7225
55.3775
45.3175
75.985
41.0775
45.5125
44.005
63.76
43.115
62.6525
45.8775
43.8625
59.74
80.1975
35.8075
58.8725
75.7075
84.6325
63.8625
49.7275
56.0375
59.6925
52.815
72.9275
72.7775
61.145
74.9625
74.045
56.21
47.41
69.85625
67.445
61.1125
18.3625
35.8075
51.48
58.7425
65.5675
48.2375
45.5475
71.835
34.685
59.9125
64.0575
65.5475
75.3675
40.7925
59.8075
47.5125
45.1925
69.8
19.195
48.8275
49.2925
45.84
46.8975
40.3525
61.625
50.92
73.7125
54.575
76.0325
59.2375
54.6275
26.07
59.58
59.4525
63.71
41.6925
50.5075
50.385
83.2875
54.65
53.77
68.9125
66.06
44.6225
37.805
50.29
53.04
44.5225
44.92
35.6075
43.8375
69.6675
39.855
76.965
65.0825
73.51
32.83
52.6725
57.6725
35.9725
57.94
46.72
46.5125
50.54
67.49
31.655
52.9075
34.4425
50.635
70.155
41.3075
53.6325
40.9475
37.74
59.58
47.5075
34.74
47.3675
44.6525
69.685
30.9325
73.955
53.4325
55.91
36.5925
51.255
50.0325
40.3875
44.595
46.7375
30.1925
45.5
55.055
39.82
66.4125
46.175
51.435
31.1075
57.6425
72.2575
53.425
40.8975
71.36
53.1725
60.8025
34.43
51.605
46.865
41.3075
41.175
45.3625
40.4775
65.0825
57.015
55.8725
45.4375
64.915
46.2075
53.8775
70.4475
61.0425
64.625
78.6725
78.52
52.675
44.7675
42.1225
39.6825
68.07
55.6325
69.005
55.1775
51.74
77.6375
68.42
32.535
37.275
46.2075
65.2775
49.57
42.6725
37.5525
50.0925
65.9775
42.2825
38.17
62.55
47.97
54.0025
38.62
50.26
43.25
60.96
71.0125
47.255
51.8275
48.675
51.6225
51.09
34.78
71.2425
59.1275
34.9675
61.9625
59.3075
73.5775
64.415
44.4575
55.0225
72.52
32.8975
39.6575
62.955
45.1775
55.57
61.73
47.495
71.535
71.3075
44.3575
50.565
56.77
55.445
70.0025
69.0375
50.525
84.9175
84.8675
49.9375
67.245
78.3925
55.0825
62.0575
54.305
34.3325
39.4675
62.7675
54.4475
25.2225
57.9775
27.825
88.11
51.5
57.4825
46.59
53.37
62.545
46.145
22.705
47.5875
38.7225
63.89
35.69
58.99
74.315
59.5
44.5025
58.0425
41.47
58.5225
40.82
72.29
51.165
53.5
38.945
72.06
85.0825
57.83333333333333
41.82
63.0775
62.9575
75.0725
76.55
80.17
37.27
49.2425
50.7625
58.5125
47.075
77.335
60.5125
21.985
52.98
60.8075
50.9275
80.5
76.38
56.12
58.58
29.93
61.7325
68.178
57.5025
56.8225
56.66
37.1475
40.815
49.9025
49.1375
68.2925
35.7025
69.15
59.72
69.9775
74.415
49.13
60.845
50.1675
54.845
60.525
75.1375
37.395
35.8675
58.37
77.815
49.6875
45.8725
67.1675
58.405
44.4175
58.8425
58.365
46.3925
35.02
64.145
57.9425
59.7375
49.245
59.875
44.8875
76.3175
40.5875
51.9125
49.0
55.4575
76.7625
78.4575
43.4675
73.995
35.0425
66.14
42.4175
66.4925
62.665
34.735
64.975
62.97
67.755
51.6875
56.0925
39.225
49.46
58.3325
53.475
41.85
41.93
73.9425
63.875
64.23
64.51
81.045
49.94
51.305
27.6975
50.6175
70.2675
78.4075
37.13
53.36
60.2475
64.865
59.77
48.8975
54.56
60.3375
45.3175
64.385
56.395
61.1225
45.215
66.595
45.985
73.8725
72.91
49.5375
54.4225
39.3
42.1975
56.845
76.6625
60.5025
50.385
43.7925
53.8075
40.0325
66.1475
30.4525
54.94
50.6425
73.5
71.3575
64.565
41.6375
39.245
72.8425
53.6775
65.26
45.98
64.3725
63.1625
56.8
52.845
46.775
54.695
77.4125
65.8175
73.0
52.475
61.67
44.355
55.85
56.3475
39.8325
69.4875
66.27
45.785
71.61
72.12
56.975
40.78
49.2575
74.7725
72.8
74.795
67.64
55.73
38.52
43.2775
51.0125
54.395
34.02
68.8325
65.355
58.79
60.9675
67.3025
31.49
33.795
52.185
76.2175
50.275
68.085
38.01
89.4475
45.6375
47.1125
48.85
57.7625
41.365
64.95
75.965
38.615
57.2275
54.685
60.6775
64.5475
47.6675
55.8075
50.52
64.91
53.4875
52.4675
62.9425
47.1425
43.4325
56.8325
69.675
49.3475
60.795
64.415
74.1625
83.495
50.7575
62.25
42.7475
66.885
40.315
42.2625
77.065
37.295
65.6
69.1175
49.275
59.2875
83.7775
63.8525
58.62
32.58
71.9575
57.3525
48.68
47.9675
55.475
70.975
43.6975
66.355
59.545
30.6
58.7025
47.605
50.3825
39.525
48.1825
55.475
56.7075
56.005
64.6625
61.315
58.305
54.025
41.5375
38.2075
73.315
59.9725
54.865
56.285
53.445
55.6275
72.6375
79.57
55.845
69.0575
58.55
58.0025
64.94
83.4225
56.48
36.8125
64.83
58.03
53.075
41.8325
56.75
44.035
54.485
40.275
49.035
51.32
58.0275
85.8975
47.1575
74.4475
51.1275
42.7975
48.7025
29.3225
37.5775
55.095
76.485
60.2925
30.865
66.68
53.2075
32.48
61.2525
66.795
64.3075
59.9275
59.60416666666667
54.39
49.3125
65.265
53.3925
33.9325
36.125
41.0675
77.2325
58.01
58.0625
41.2375
46.345
48.55
46.965
48.7325
67.3425
48.6875
51.2675
54.655
48.755
62.72
41.93
41.9
59.05
64.49
49.15
73.94
76.985
58.4725
56.095
31.4425
66.8175
43.37
56.9425
51.0
65.86
54.9975
61.2025
63.16
50.0525
42.82
47.19
55.3775
28.9875
39.2425
54.44
48.21
65.41
60.11
50.2225
37.2475
55.35
66.185
53.315
54.3425
48.015
60.7
74.555
26.525
61.03
52.1
40.66
69.645
50.81
70.1275
53.96
32.5375
64.76
73.66
57.7775
61.75
59.8375
38.7925
66.1575
68.575
62.44
43.5525
69.42
74.2575
54.9
43.1775
33.8775
38.2275
45.4375
58.9475
60.71
48.6375
58.55
76.345
45.475
88.735
78.79
27.43
71.4575
62.7375
73.0525
55.7025
59.675
66.07
41.6525
59.05
65.0075
67.3
56.325
67.265
48.23
33.1575
44.44
75.4775
66.3525
36.5675
56.22
46.0125
80.975
62.265
20.5275
76.6025
58.3325
68.4225
73.4275
52.04
40.885
40.45
40.835
48.83
37.85
25.65
71.3275
59.5125
77.045
79.93
43.24
34.9525
59.1475
55.455
62.995
71.4175
67.2175
68.17
40.685
63.385
45.1725
71.545
77.24
59.9725
38.825
63.3575
54.6775
47.315
53.315
73.4625
73.7225
42.54
39.785
59.275
46.0275
37.1025
34.035
51.635
63.865
22.845
54.485
67.48
47.265
67.63
40.98
37.3425
70.9475
38.33
71.975
41.495
45.015
19.715
73.3825
48.96
73.8475
44.705
42.625
45.195
33.6325
44.6875
41.7075
25.12
60.6025
73.425
74.02
52.2575
68.23
53.42
51.2025
42.4125
47.1775
57.7275
52.585
63.9
54.99
50.8475
51.8925
56.64
48.555
57.35
64.14
48.245
55.2125
28.29
73.7125
38.62
66.375
56.0975
70.155
66.0875
36.435
45.14
62.985
31.0125
66.8525
68.5525
80.1875
84.54
49.085
29.305
70.2575
64.65
43.275
34.495
66.33
72.255
65.9825
66.13
73.4875
65.9425
28.9825
41.8975
29.965
37.995
44.4975
41.1875
68.4875
56.7375
41.4175
44.8575
71.8
45.03
59.6975
44.01
43.69
83.2375
58.1175
37.0275
53.125
76.1925
59.6425
46.835
25.955
51.6225
18.54
52.1975
46.9775
41.5725
58.78
73.3725
53.7775
63.37
34.8775
65.1125
42.72
21.5675
50.4075
74.7975
42.165
30.0025
43.9525
57.4925
32.0775
45.7175
57.8325
51.31
54.655
56.49
51.4075
55.805
65.785
52.87
67.985
62.59
85.8475
46.6125
45.815
47.805
61.3825
64.2925
53.6825
70.595
64.25
79.25
42.895
44.5175
58.305
67.4175
47.5775
78.1525
45.575
56.225
63.0775
47.895
56.38
55.395
52.4375
72.4875
73.4575
48.34
58.7975
76.625
57.44
61.47
48.7075
54.345
68.7125
63.965
44.015
88.58
39.3275
76.83
58.885
60.905
52.7675
54.075
60.8925
72.9775
32.6975
59.3675
66.53
73.23
57.0025
62.54
54.5725
38.92
44.5125
51.885
73.0725
28.925
54.235
67.7875
36.3875
28.955
72.055
49.3075
80.7175
63.8325
73.715
34.7375
27.59
60.07
52.0775
65.105
36.8125
39.4725
59.0725
29.1125
55.8125
39.14
59.5925
57.325
37.755
69.4775
71.12
45.1175
28.99
53.1875
34.8775
53.8525
38.1475
62.9175
50.8775
56.62
42.9475
37.6025
33.8625
46.3875
39.5075
54.035
53.015
49.43
70.585
50.5075
73.2925
61.7825
61.7275
54.8325
59.02
58.2175
36.2275
66.7625
68.8625
58.7925
50.4375
39.9175
60.7875
39.78
69.0875
49.7875
69.6775
36.9575
65.2025
55.0425
53.3975
52.655
56.17
40.335
42.28
48.1975
51.4625
63.4625
65.63
65.2625
21.045
43.285
49.4025
67.115
37.205
63.57
63.93
41.0275
45.7625
66.335
64.7675
69.6275
69.7225
40.4275
37.8425
59.185
38.32
51.405
41.74
49.01
59.7675
66.29
52.115
50.5475
53.8225
61.5175
49.3225
63.32
39.6725
69.47
57.5
44.8025
36.055
44.305
70.925
54.495
38.0425
61.6925
66.86
60.1775
67.4225
64.655
44.5775
36.1625
50.255
50.575
69.745
58.7
55.4625
39.7825
69.69
52.745
63.4625
38.7225
70.725
26.965
46.5175
49.285
63.9025
73.0575
83.905
57.8375
59.8
48.8275
64.36
74.5125
77.77
45.57
66.6625
60.2875
53.685
48.72
39.4
50.5775
67.135
57.5475
46.9275
73.4025
64.6875
52.2
39.3
56.85
42.5325
57.0075
34.5875
56.41
49.6675
41.62
47.5675
55.9125
46.0875
69.0675
56.135
41.21
75.885
50.0775
56.9975
58.925
43.7025
31.8825
76.0425
68.02
61.4425
45.3425
64.19
63.7925
61.545
48.9125
69.5225
55.2225
76.84
50.075
57.2
46.1975
54.3
62.65
31.0925
76.7475
67.84
67.565
55.72
44.7975
54.375
75.12
61.4125
35.57
67.5625
76.625
53.845
65.9275
37.86
60.565
71.9
61.2225
39.21
62.7425
67.6825
40.4775
41.4325
45.2125
55.12
57.2075
60.3625
61.3775
44.965
70.9575
54.715
73.6975
67.4125
70.6225
35.31
61.3025
71.98
47.2875
68.0125
67.105
59.8375
58.8175
44.265
31.785
83.2875
54.3475
43.74
59.1175
52.23
55.22
47.3575
82.0625
53.135
42.77
37.2725
72.8725
67.6275
55.655
68.8425
70.4825
64.3325
43.1275
41.48
37.26
60.01
66.8
40.8025
31.23
50.5875
87.025
33.1825
43.49
54.745
39.81
44.1075
79.47
33.62
32.5025
78.95
75.52
39.205
48.715
30.9925
64.0475
44.2875
63.245
71.36
50.435
65.7525
65.755
62.375
42.095
57.8725
66.4
79.18
41.7875
61.3025
42.7875
68.6325
57.91
54.245
74.8425
38.5825
57.285
65.545
53.045
53.14
51.185
73.3475
57.535
65.37
78.0125
84.2025
68.3675
64.5225
50.3325
64.1675
70.0775
49.2925
37.32
67.4325
57.525
76.0275
43.4375
45.98
56.435
40.1475
36.415
44.7475
37.6925
31.9675
56.565
61.6425
44.905
46.5675
43.435
31.635
64.86
52.2
67.8925
58.6925
77.8925
73.705
87.3675
37.6125
79.5375
63.9075
51.275
47.3225
53.97
44.88
55.475
83.15
48.5325
49.5425
28.8025
72.4175
63.78
35.7025
46.565
69.7725
44.15
58.8925
63.4475
53.1725
49.6075
77.0725
58.9875
77.055
66.54
42.14
40.23
46.3
76.1125
56.655
48.5075
69.8875
60.9925
69.3625
69.7275
37.41
46.695
58.48
58.385
64.69
38.0575
72.52
61.345
50.84
58.7025
39.91
37.1675
55.945
66.5525
51.5325
54.7225
54.99
37.1775
46.785
53.6275
59.4675
65.18
70.6
68.53
27.595
73.115
59.23
49.94
55.1875
35.04
42.6775
62.575
35.55
48.04
72.36
64.7375
60.61
72.5
74.7775
56.82
47.65
45.78
45.325
47.1825
40.9375
40.42
37.23
44.1725
64.9475
44.095
58.365
52.3375
61.4125
64.915
41.0675
46.18
56.79875
45.2475
51.175
45.4525
57.0925
49.3925
44.3475
58.1375
66.4125
62.6925
63.2575
66.55
50.6425
62.64
32.115
40.9175
65.3125
50.7925
65.6475
52.9075
61.285
49.16
40.685
65.16
52.93
68.0725
46.37
44.845
41.365
57.24
39.9675
86.795
60.05
52.2075
51.3375
60.5075
55.905
48.3775
72.15
35.135
66.2775
73.6475
41.95
42.3075
38.09
59.8925
75.47
61.4375
44.385
40.7025
44.6425
48.6175
55.0
54.6225
63.895
58.15
44.955
62.375
51.3875
69.4525
47.0625
55.0825
53.6575
65.52
36.4925
89.1375
40.04
40.9975
49.0475
78.575
53.2125
61.0325
92.445
61.745
46.8275
50.6125
36.6325
51.3675
64.7175
35.0625
60.8125
69.6875
35.265
56.2475
34.4725
39.965
84.555
52.4675
54.095
71.6925
61.405
51.085
38.3575
44.28
40.06
68.2625
52.035
43.3575
42.315
63.1025
67.575
51.305
67.21
38.04
54.175
46.14
53.21
68.16
63.395
57.895
33.0
76.915
44.935
51.1225
71.54
78.1
56.8525
47.6375
37.7375
68.255
31.4325
64.42
58.785
53.08
58.4675
56.0475
61.61
76.7475
64.7075
58.2025
53.5
51.695
61.125
83.8125
58.795
43.5775
55.195
55.6075
46.5375
73.38
68.2275
40.215
63.8225
42.0675
46.0625
45.14
36.5575
40.1025
55.41166666666667
50.45
30.44
51.35
59.295
68.7725
51.26
75.91
40.9175
67.9825
51.5075
68.6925
41.74
69.855
74.875
43.2175
51.3475
71.4225
63.87
60.8625
49.2375
43.735
64.465
33.12
34.5175
37.0025
58.6375
57.55
48.395
44.5525
46.96
59.93
41.39
55.1525
56.915
27.44
69.835
57.4075
54.4175
39.745
46.1625
41.4225
40.1825
45.445
72.2675
51.74
48.7525
36.3575
43.34
58.7525
72.9025
48.4225
58.6875
37.825
35.8875
45.6825
54.39
24.7775
69.88
55.385
44.0575
61.7475
38.835
41.765
66.885
60.92
51.35
58.3125
36.6725
37.57
42.7675
51.1
56.1025
40.125
64.095
58.9575
46.575
61.9925
76.8575
53.6325
63.745
61.9575
62.375
82.985
39.8375
83.2225
59.365
52.8425
76.2775
44.485
74.945
46.475
54.15
45.185
65.1425
27.7675
52.245
59.5
57.9025
58.375
48.05
70.695
35.8875
68.975
37.12
72.6
70.6075
59.96
48.0775
78.48375
53.5625
33.585
55.405
56.535
57.72
75.6225
59.79
43.415
50.68
27.44
55.9925
48.42
54.305
66.68
50.275
59.935
24.2
44.08
50.8475
21.2975
52.205
58.83
51.2425
36.34
22.085
58.5375
46.6475
38.8175
43.395
69.87
39.4675
57.2125
41.5975
59.43
70.0025
58.2075
36.68
60.18
56.49
75.0875
32.6175
68.375
76.9975
56.2
39.9875
68.21
75.9775
72.7275
55.8275
63.9775
70.6925
69.54
75.8175
67.1125
57.965
53.7
70.0425
59.86
72.9225
60.7675
76.3325
44.2875
61.6875
52.0725
33.08
52.4675
38.88
54.48
56.9175
64.1225
65.01
46.525
68.0625
50.6425
70.6725
70.09
65.0075
48.5825
65.67
58.5675
66.97
39.8
57.2025
79.5275
39.025
47.7575
71.86
54.6525
62.82
49.395
71.7925
36.375
31.1725
73.4525
50.06
69.7425
62.11
54.2
88.175
33.87
50.365
57.725
52.905
51.415
53.19
61.58
53.5825
67.97
43.2925
64.4525
88.7375
50.99
56.375
51.535
39.385
48.25
46.135
46.285
60.5325
50.045
50.285
50.9425
58.1025
69.5975
41.04
40.965
58.9025
71.31
73.0025
55.395
68.2425
43.62
64.0825
68.5075
51.8075
59.445
55.7725
34.5775
37.8675
64.6125
35.2425
65.7125
53.665
78.4975
42.825
65.66
70.3775
66.0325
62.5575
50.9575
51.1125
77.9525
40.2825
51.2375
42.98
73.3275
57.565
70.195
68.8975
49.0025
38.22
41.065
41.4875
70.6125
58.9075
48.53
56.49
71.2675
45.4725
76.1225
66.1925
70.4125
53.72
69.785
46.3325
55.9
71.2275
62.8275
84.67
48.89
36.44625
51.145
71.6175
69.6625
43.3875
40.9325
73.62
41.5275
62.59
56.8675
52.93
49.8225
54.915
46.9475
53.03
81.185
73.4475
48.235
39.17
47.54
62.1525
38.755
59.91
37.7425
76.1125
45.57
59.6775
83.505
62.2
75.4325
48.79
37.9825
58.055
63.33
67.9675
54.0675
49.8675
44.2325
56.2725
47.62
47.295
45.005
36.6425
60.285
49.465
47.1475
53.815
82.5725
57.8925
46.7475
49.6975
55.77
79.14
39.1125
34.7275
70.0375
33.8775
54.015
37.12
55.5725
32.9175
59.57
49.0275
51.225
76.8775
40.265
58.6625
46.4475
59.7775
50.725
62.685
48.9025
54.865
29.9375
72.4125
34.53
31.9125
42.51
52.8025
51.3075
41.7825
42.975
55.32
31.345
51.9475
51.4625
62.835
57.6275
72.4475
37.11
78.7525
66.6525
60.355
69.0925
52.7225
41.99
52.9675
73.43
34.18
62.545
55.38
52.0225
51.43
73.3575
34.56
79.7025
66.9875
63.875
42.855
47.4475
64.1025
43.04
56.7475
55.785
45.5925
39.955
30.095
43.2075
48.27
60.005
58.5625
66.1825
45.37
64.4275
42.08
74.9075
55.6725
59.3775
78.7575
83.81
54.4175
68.5925
56.8475
63.295
45.785
63.9525
53.3975
53.045
68.5175
51.6275
32.13
55.115
75.2175
65.7775
75.315
57.28
53.1875
41.5025
49.19
42.6
27.5725
35.7675
68.0075
52.1525
61.765
50.6525
64.1575
67.37
63.3825
53.2175
47.97
40.9275
73.81
68.92
65.6775
51.84
28.99
67.5675
46.695
49.2775
45.7075
79.6025
70.3625
48.5625
51.1675
83.4075
71.2225
58.115
35.1625
48.72
48.0425
44.3775
53.1925
61.0475
35.0125
75.4775
57.76
66.2175
37.0225
31.9375
64.0575
56.5875
38.4025
52.375
37.95
52.265
68.9275
68.2325
62.755
79.6975
54.79
65.68
54.9975
33.475
59.1475
62.7575
31.8825
65.4975
53.065
41.4125
45.4375
75.68
61.76
69.43
66.415
56.895
73.0675
66.3875
52.5325
44.6825
47.73
67.6325
59.1925
49.975
50.0075
71.78
61.575
54.485
44.57
50.56
50.4125
50.72
79.3475
67.695
61.005
86.6825
51.98
41.3375
40.5925
51.255
65.9975
47.835
41.7675
40.3475
45.51
66.015
49.4925
73.3675
52.555
48.7625
66.4575
50.2625
44.9225
50.4075
31.295
63.32
58.95
44.9625
57.0375
79.8325
48.1175
68.7475
71.2
38.1175
54.16
55.945
62.2675
60.895
57.98
55.8375
61.925
71.83
36.3175
68.815
49.6375
33.37
50.9775
59.4925
52.3925
78.565
61.0075
50.07
53.0825
52.3175
87.4775
42.73
51.67
60.1
67.4125
45.6325
42.795
68.955
66.0475
53.99
60.415
59.0275
45.16
65.865
61.2225
52.5975
72.72
54.825
77.2175
57.42
29.72
61.4975
62.2475
76.3325
49.5575
58.7825
60.91
41.52
55.2025
63.205
49.1325
65.12
40.195
61.65
53.6475
61.71
57.8575
40.985
51.82
53.7275
34.9825
90.5475
75.53
46.23
62.695
78.8825
78.8075
45.9575
68.485
44.8225
56.6475
41.53
54.6575
46.66
52.315
45.6175
43.095
49.5325
49.645
44.765
43.66
80.88
42.0525
74.425
49.52
54.2275
34.595
53.475
37.9775
50.8025
54.83
60.6475
57.49
44.3875
76.2025
27.56
80.5825
51.5
60.8
46.16
44.605
47.8275
62.8525
58.0625
30.47
65.7625
40.7075
64.665
62.47
69.525
67.4525
48.555
64.8125
54.6225
66.7775
52.315
31.6275
40.0975
60.06
49.0775
65.9
53.45
46.185
55.7825
69.3775
25.375
60.155
61.7775
46.18
71.155
73.05
33.285
61.44
44.67
33.57
53.1825
75.645
40.9525
50.855
63.36125
48.8925
54.825
55.3975
60.655
34.2225
51.7475
54.32
75.3625
42.72
57.8675
56.275
46.1175
61.535
68.515
52.045
60.415
45.8375
65.46
54.3225
45.9575
50.7725
49.2325
63.9875
62.0675
44.1275
39.9575
90.02
64.7525
73.6825
59.93
60.06
48.8975
50.2575
44.82
77.7025
70.4675
60.035
71.025
40.0775
49.1425
48.6125
60.09
60.7225
38.575
57.3475
77.3075
82.4125
53.475
60.68
68.5475
55.28
70.1725
43.1175
62.0075
57.8725
49.32
35.7775
75.4325
46.215
51.5625
67.8625
55.2
45.52
54.65
60.23
40.3875
54.915
66.2975
43.7
39.6025
48.0575
72.5475
69.115
59.6325
56.755
72.4175
63.3
57.8175
47.5075
47.71
59.3725
34.4425
65.5375
66.8375
57.8125
39.39
51.125
45.5825
49.56
63.57
47.41
38.6825
54.56
43.045
46.6075
63.9975
60.6075
72.0425
47.36
84.6775
52.14
54.275
44.95
54.5875
30.82
74.655
27.9125
38.7275
37.16
62.0175
63.45
39.6075
55.5
53.8075
45.565
43.03
59.1475
43.7325
26.885
76.055
48.395
45.84
30.9925
56.455
65.4375
47.3725
49.5325
50.32
53.1075
45.47
64.0475
26.16
64.53
41.6825
82.0225
55.8625
51.545
62.7375
52.1225
35.4775
57.5975
41.225
71.815
65.135
68.3325
41.1725
49.8675
67.255
61.055
54.2025
33.2075
39.5575
59.3075
72.11
49.485
40.7225
63.1325
52.81
80.33
65.9175
77.705
45.5225
39.275
45.98
45.195
42.1925
46.5025
50.455
50.125
44.81
55.6775
52.065
42.85
32.96
56.095
56.96
59.655
57.39
53.7125
54.52
43.5775
65.6725
56.6275
74.8575
46.7
40.4075
54.845
49.0775
45.0575
44.35
50.3875
69.6575
66.1625
46.22
55.195
60.425
22.1425
49.4825
57.125
56.1975
70.93
66.72
48.5925
64.0075
61.745
55.41
47.815
45.89
45.4675
39.63
65.7975
69.5175
67.0625
77.5925
70.8425
49.7275
54.3275
74.8225
26.7425
40.7225
68.68
66.01
74.425
71.5275
55.1175
47.11
38.355
44.07
36.5
58.8725
54.9575
55.615
52.1675
41.7
44.485
63.0325
57.46
40.02
49.515
33.985
48.755
65.345
41.15
60.02
57.59
48.21
82.13
49.875
90.145
55.3925
75.5375
21.6475
69.735
54.0325
42.3025
40.0425
47.9225
62.065
77.845
49.6325
67.1625
58.6525
70.1475
51.225
56.6825
75.465
42.0575
39.44
53.51
62.3975
61.94
53.3375
53.4125
64.265
58.4775
33.595
41.1725
62.1325
56.23
55.85
51.5175
43.385
67.25
88.105
67.1725
55.44
53.6975
37.6425
70.25
31.595
47.46
54.24
88.8525
80.515
59.7625
64.115
45.0775
49.2425
34.0925
64.965
33.3825
71.5675
33.235
59.0425
69.86
52.55
56.345
56.765
46.065
76.24
50.775
32.3275
53.295
45.075
51.8075
59.16
47.64
52.495
55.4075
36.67
56.835
61.7775
50.1375
79.7725
73.6975
64.0375
41.4025
36.9325
32.93
70.887
65.445
75.0175
73.39
51.5575
63.83
27.8
61.785
54.0925
58.1475
46.3925
50.6325
25.7225
55.3625
68.4275
74.05
78.615
60.605
53.895
64.465
78.39
69.905
66.325
46.07
35.6325
38.025
45.0125
55.21291666666666
45.0275
56.7225
60.705
70.8325
35.205
83.3125
70.1125
50.41
53.86
53.2775
52.91
63.7375
72.09
40.1025
43.72
41.76
57.1375
51.5275
64.5825
47.615
76.975
56.99
77.4575
44.815
77.47
53.99
43.1425
55.6525
50.36
50.365
57.585
58.3075
45.9325
61.91
40.535
49.2175
59.7525
51.55
74.2475
65.3075
65.7875
27.2875
71.2525
35.0875
66.095
58.58
60.8575
54.08
50.505
42.025
60.2325
45.4875
64.2425
57.745
54.02
57.5125
46.4475
49.4275
79.2725
65.0475
67.3975
42.09
59.23
47.39
72.135
60.0675
49.97
66.6425
76.8475
31.2075
61.3175
66.1625
59.97
51.955
44.51
61.2925
60.5725
42.15
65.02
47.375
45.0975
66.085
54.015
60.1975
21.82
49.23
32.145
27.11
75.4
71.6275
35.9425
40.74
42.5775
55.1375
44.2875
47.8025
45.7625
74.6325
73.3675
64.085
28.1375
56.9975
45.2875
28.52
65.8025
60.42
69.1525
80.1225
35.74
49.115
60.6025
32.29
65.15
44.07
58.88
58.595
41.785
46.755
60.575
53.1825
45.0925
42.645
45.7425
53.96
48.3625
81.7525
80.2325
55.27
32.925
32.8525
50.7225
59.54
72.565
73.93416666666667
56.3275
47.635
51.285
73.3975
59.925
65.165
50.2525
32.7125
74.05
60.3725
73.3875
70.33
40.185
48.02
46.08
48.7275
53.9025
53.0225
52.25
58.2425
45.65
49.95
78.41
25.655
58.34
37.27
62.0825
73.355
72.7525
54.4875
65.4025
56.675
70.3125
44.75
75.0075
77.1975
59.6975
43.635
81.3225
39.9675
65.2625
44.0075
58.275
36.5575
62.65
75.0525
57.755
44.5
64.1125
50.1675
59.875
63.155
63.2625
48.5625
62.49
45.2525
44.3575
79.955
38.745
62.7625
60.58
67.6425
27.955
63.6125
65.08
30.9075
30.36
33.85
32.9725
28.615
81.5525
54.5625
46.025
53.86
49.9625
75.1225
63.385
74.9775
43.545
42.5225
55.0875
71.16
30.72
77.8025
59.2025
79.685
53.225
41.14
45.7175
45.88
62.5225
78.9675
31.245
49.1925
25.2975
73.9
28.495
51.9025
49.95
88.3525
67.8025
56.715
36.65
25.2675
50.2875
35.75
29.2825
53.1125
51.4425
65.5175
70.655
66.335
39.065
75.695
68.78
74.405
61.755
59.3425
62.04
59.45
67.8425
68.87
42.2175
49.3175
64.3375
48.9425
45.465
44.965
47.525
56.1675
37.12
50.2825
46.4075
35.4025
48.6725
43.6175
66.7375
72.6
42.335
58.6525
51.33
44.755
58.2975
66.3675
59.2875
88.28
26.405
78.0075
77.36
54.52
60.0125
79.525
77.765
87.215
54.21
56.275
63.265
61.3725
61.0025
73.7275
39.6725
74.79
56.4025
67.475
65.185
47.7925
55.025
49.6275
68.895
90.1725
40.44
51.46
57.8525
76.355
57.5875
61.4625
66.655
69.0625
77.5075
56.5975
32.7425
64.0225
47.5
34.315
42.5275
69.3425
56.26
32.225
73.375
56.9175
68.2575
35.6025
31.8875
42.985
64.0875
34.515
37.575
51.78
49.9625
59.82
75.8025
56.505
36.25
61.04
71.3975
73.82
46.1625
33.335
73.09
36.585
51.245
68.8425
59.625
53.5025
43.95
63.1775
77.275
39.0075
61.7
50.9325
52.1875
57.285
67.25
53.4925
69.7525
33.58
48.065
77.0075
38.3975
40.48
41.3125
57.7925
36.275
46.9075
49.545
36.47
62.7375
64.2175
65.92
64.295
52.695
34.0125
54.845
59.9825
51.9375
52.0625
59.1425
79.2875
56.2725
36.93
66.72
75.4425
58.685
54.465
65.045
40.7275
50.34
47.1025
65.34
52.3725
63.64
49.6925
46.3425
57.8025
58.785
76.575
68.78
64.8025
65.1025
39.6225
79.95
63.3
53.885
82.8075
57.9475
74.52
46.4525
49.055
21.5325
60.065
72.1675
51.0675
49.2375
56.395
54.24
64.9825
45.265
52.325
72.925
44.505
62.125
53.1875
69.91
63.135
54.48
53.4625
66.81
77.0925
56.215
60.3
58.5825
56.94
50.2025
69.97
50.9775
50.145
66.98
63.14
41.2725
58.28
46.35
53.6025
45.32
46.3925
41.0325
28.7125
64.9625
40.265
67.35
51.77
44.5725
56.9
53.07
61.2625
58.4675
84.3125
62.0775
70.8125
52.79
37.46
52.8975
41.08
37.275
53.0425
42.6075
57.99
78.5675
45.3625
54.8475
55.1775
55.0825
52.26
45.605
60.4125
55.1975
58.98
42.835
45.4025
62.85
73.66
37.92
47.2875
45.245
47.915
35.7
52.3475
63.7075
56.2225
46.8325
74.025
34.4775
48.585
45.9175
64.8925
62.1425
40.285
65.1825
55.07
82.7075
42.005
77.1
60.07
54.2525
54.7325
50.92
61.6725
68.11
51.9
75.1375
73.7625
48.56
60.24
69.17
59.61
46.3525
39.2675
45.885
33.4525
67.785
77.755
39.255
44.4775
36.26
64.16
59.97
64.0275
62.09
48.4275
51.8275
62.4075
76.45
71.0025
48.7875
57.81
49.4425
42.6025
36.885
44.9675
60.955
43.8475
28.5425
38.245
49.295
53.0
46.28
71.6075
61.73
78.6175
38.455
64.1475
39.305
60.1525
87.2975
67.705
37.5225
44.4625
80.725
51.5025
53.0825
68.8825
61.8675
55.3325
57.0425
74.48
73.9425
71.3875
56.0775
65.9075
38.45
62.87
63.37
46.6975
65.045
38.635
56.4
57.5575
64.44
56.765
63.945
69.165
74.575
63.6325
67.88
49.9175
45.0025
59.4
22.9675
71.6275
45.47
34.2725
33.85
59.1425
46.105
78.2575
25.63
62.14
29.1875
55.9675
59.4475
55.01
58.375
55.995
45.4425
58.9725
62.3475
77.1525
53.34
48.8925
64.51
53.19
33.6975
31.7775
55.24
44.5675
85.2625
48.7025
45.9775
34.1625
46.56
57.9225
37.99
43.2725
18.1075
36.365
65.46
56.87
42.1975
62.41
68.785
46.2
55.175
36.93
55.065
54.7575
48.3325
67.3325
46.1825
57.92
41.2975
65.025
63.015
35.25
37.57
74.0775
41.72
54.565
44.015
70.2325
23.14
53.65
71.9125
54.1175
65.9425
67.215
73.19
81.4925
65.5625
47.96
59.47
47.4025
69.2525
50.11
41.7275
69.1225
61.3325
72.1975
43.29
31.0525
59.4875
72.41
56.64
57.2725
60.0425
61.3575
37.9525
69.775
51.3025
36.71
33.63
43.9475
65.41
50.87
68.1125
54.14
52.755
48.7025
72.205
51.515
38.6225
56.98
64.22
44.4525
68.5275
75.535
43.14
53.945
68.125
55.05
38.1575
39.19
32.2175
57.1225
54.415
72.1225
58.5925
54.6875
41.48
84.76
64.36
54.8075
55.0425
83.5675
68.67
40.9725
42.6925
68.4875
32.7875
80.7775
69.3375
68.545
78.8425
70.165
36.4775
55.835
49.09
38.63
52.5075
73.57
30.8925
38.565
35.3675
70.2325
65.315
66.5875
50.1725
65.4275
48.3575
55.24
22.21
51.4425
59.46
40.71
52.5525
52.6275
43.005
51.9625
53.585
69.5225
43.205
35.845
32.9325
64.11
43.005
76.6675
64.1625
33.62
59.4775
26.53
51.0975
59.9025
50.37
39.4525
59.5275
39.0425
45.75
53.1975
64.4975
45.7675
58.695
58.645
54.825
46.18
47.185
56.91
55.79
51.6475
71.55
64.3125
69.7725
65.395
61.2675
45.685
56.4575
57.6275
51.5575
64.73
50.0925
62.6825
59.425
72.755
66.74
60.4825
45.4675
67.0575
43.7025
49.235
51.5275
87.5925
74.125
47.505
52.385
44.8725
61.2275
55.4575
75.9475
60.6525
77.7025
77.56
56.855
23.13
26.9725
51.6575
49.25
56.6725
73.85
66.4075
61.755
44.395
57.3475
60.36
42.1975
52.0475
34.7375
34.245
33.55
54.29
62.74
89.525
38.9575
43.9675
42.52
86.7375
45.375
42.0125
72.635
78.4425
48.05
67.14
60.8275
38.6175
60.745
37.0625
39.62
54.085
38.25
86.895
60.47
46.3875
62.0725
68.1775
50.0525
71.3525
47.375
40.8225
59.595
71.07
63.2925
55.9
63.4125
62.8025
70.23
52.58
61.52
43.4525
37.5
72.18
45.635
53.2475
74.515
56.9775
66.455
51.0225
52.71
77.5375
56.155
52.3325
41.7025
41.805
54.965
61.69
47.4125
74.9625
61.275
92.445
37.335
74.27
43.5025
60.61
49.1975
59.525
54.81
53.0425
63.7275
37.72
64.2375
22.99
50.67
39.33
76.015
65.7475
46.585
58.97
67.45
73.7025
56.505
60.75
72.11
32.89
50.23
40.11
18.5875
41.46
48.9125
47.0475
58.5675
29.465
72.79
35.765
49.3175
49.25
66.3275
73.86
33.56
78.37
61.2275
68.965
86.115
61.4525
53.5275
76.53
65.755
33.4075
44.9925
35.935
57.525
52.7725
41.5225
49.9125
37.79
55.095
26.48
39.11
49.59
73.915
74.785
67.7825
67.9025
49.285
68.3975
70.885
46.8375
53.2175
68.485
49.8
83.56
37.0275
68.8325
55.59
29.0275
44.7425
50.72
49.4225
80.5825
47.845
53.325
38.975
48.9975
64.3525
67.0975
32.7525
33.1225
83.40833333333332
60.5525
47.8
70.2625
60.335
56.35
48.15
74.7475
57.5175
67.11
60.2725
60.5625
68.5
55.91
81.015
47.61
63.0275
74.1375
42.35
39.1675
41.4175
72.0925
74.475
40.025
38.6675
55.82
50.9425
68.4125
56.1625
23.6725
52.395
59.9125
56.085
78.6725
42.185
50.42
56.94
62.8775
51.3475
62.5875
77.915
50.585
58.725
57.335
50.8725
58.01
69.915
56.58
67.9225
46.655
64.215
43.58
58.6775
33.325
60.95
40.975
54.3125
32.5575
68.145
68.3875
85.6975
41.3675
52.4325
96.605
72.9375
49.8
59.895
60.145
59.065
52.1475
62.82
52.0675
55.18
36.91
55.9725
53.745
55.855
74.6075
71.055
83.08
70.165
79.725
48.4
47.05
54.925
53.17
65.7575
49.95
52.845
67.8525
80.6875
37.88
35.97
39.9675
75.0375
80.9325
33.64
79.2875
45.565
43.7775
59.2225
75.8375
44.4775
65.57
36.77
55.045
55.2775
53.565
63.2375
43.31
70.325
62.2975
64.145
47.7925
48.72
47.115
44.1725
44.515
62.06
69.54
30.9775
73.09
37.1425
64.9125
32.1075
51.8925
70.535
77.255
51.905
74.47
50.77
30.41
43.8525
40.3725
53.2325
76.4175
70.41
38.2175
60.2175
52.005
56.3225
71.44
68.005
48.01
64.865
47.915
50.705
55.0475
60.3875
42.6425
84.7975
67.2075
55.895
28.04
72.705
40.8175
59.835
60.0475
63.8975
30.02
50.0925
51.9425
62.405
39.8675
42.0875
61.545
49.155
43.8075
65.2675
55.69
35.22
49.67
64.115
46.205
45.915
25.535
47.8575
44.9925
81.73
67.27
64.795
51.61
60.16
62.2875
49.25
54.2675
32.75
53.6925
47.9875
53.2675
58.17
72.36
75.0975
55.725
68.395
75.05
80.04
35.315
78.59
44.02
77.03
63.54
62.41
56.695
43.7575
67.815
41.1875
35.65
67.1275
51.0775
78.8425
77.29
68.92
31.1375
33.465
62.6125
59.12
47.66
56.6625
67.3375
41.105
49.9775
69.9625
38.635
73.1425
73.4175
61.4825
77.1
36.5025
34.5
71.5175
73.915
81.9475
40.0
50.1725
69.1475
49.3525
62.9325
57.6075
43.4225
71.4075
52.5925
38.2125
84.52
42.0575
66.8425
68.3675
37.275
49.2125
48.61
44.3675
48.2475
43.945
51.125
62.8675
56.63
58.3375
64.77
27.21
42.61
58.68
49.5425
56.055
68.625
61.24
62.405
67.3725
75.8125
37.525
40.7975
74.1575
79.775
65.9775
70.0425
44.835
68.31
29.8325
60.505
45.55
30.5925
33.475
53.0625
69.6525
48.3725
48.5125
60.33
71.685
26.4125
36.4325
53.485
68.1325
62.03
66.8675
51.165
67.085
73.97
40.8925
63.365
62.765
50.1325
66.3025
50.285
46.04
61.85
48.5175
76.5
53.38
65.8175
42.625
58.53
39.61
57.505
52.85
72.87
66.9375
53.39
59.78
53.9925
62.5825
52.385
47.2075
34.3
66.8825
44.0725
50.1575
55.3925
37.2325
46.945
67.835
51.7775
37.5325
84.145
51.5875
61.525
65.8475
36.705
47.3575
59.625
30.5175
63.4425
60.5075
47.1225
54.0375
56.0925
65.89
86.0825
47.7975
66.63
44.23
64.2525
63.125
64.8175
48.41
73.0925
33.915
48.9925
62.935
64.09
33.8175
56.44
52.495
67.16
89.77
40.9125
45.625
65.79
50.04
73.71
77.3625
61.8025
57.6575
40.575
44.0925
46.615
57.905
64.6375
50.9925
42.53
63.785
39.4075
58.4325
55.485
37.18
53.5475
46.645
45.3925
29.805
75.615
73.7925
40.385
56.68
43.1975
60.95
80.66
53.615
39.235
56.2125
45.9975
52.7525
61.12
40.8225
45.4175
56.935
47.0575
52.5125
33.2375
51.935
43.0175
51.0975
52.8
49.8375
46.0825
59.7325
49.45
40.6525
59.6525
29.895
54.67
54.6475
91.1875
48.505
60.9975
41.0175
64.3275
51.9175
56.215
35.93
60.9925
39.125
41.68
68.1275
32.3275
73.53
37.115
61.9025
41.7775
51.1225
56.7475
38.7225
64.44
37.5225
59.0
67.0725
41.39
38.795
82.4475
52.9325
80.815
40.9875
64.895
73.2425
66.45
64.8
67.3325
88.6125
34.1325
44.76
46.8925
63.8375
49.045
65.675
73.0825
68.7725
46.0175
70.8275
42.3875
32.8125
43.685
26.735
59.7475
54.8775
64.4825
52.23
53.255
61.315
70.795
63.74
33.3175
55.5725
62.0125
49.575
64.0325
58.345
60.63
43.1525
77.45
85.3725
53.57
64.145
47.4825
83.5425
30.84
39.6025
68.8925
59.5475
59.795
49.715
48.5725
38.685
54.1975
42.7575
51.3275
75.0275
42.29
35.245
43.755
48.24
45.5625
37.655
68.5125
65.3
43.34
58.1675
56.8825
44.0475
39.8775
44.1175
40.3775
73.0525
66.1075
75.4925
30.995
71.44
68.84
41.9975
64.3425
60.48
51.19
67.025
62.575
43.9025
74.8825
65.3225
60.625
56.2675
73.7075
48.8475
65.0575
52.3875
54.355
56.85
76.9175
42.77
68.3275
43.505
83.065
54.3475
60.565
47.935
58.55
76.4675
60.2875
49.9075
57.9975
63.225
54.055
32.22
44.6275
71.6375
34.7675
38.85
68.025
46.0825
52.0875
54.455
45.3625
38.8025
50.11
61.1925
73.77
73.685
40.07
64.14
56.195
58.755
39.27
55.52
71.12
55.025
63.6725
83.9225
65.21
59.7525
48.5225
46.6075
69.1125
62.6325
50.07
35.3675
47.605
46.0325
60.465
84.82
29.4925
39.96
68.2625
63.71
48.0975
44.96
51.94
69.9175
67.855
65.14
39.0125
71.3875
20.335
34.23
55.2825
56.6625
57.73
60.875
52.9375
57.4875
51.535
40.03
38.5775
52.3475
37.545
72.795
72.02
68.9675
74.9425
47.8675
56.185
44.2275
66.3
53.1575
53.9925
42.9925
78.31
67.005
64.7625
52.175
53.975
68.3825
33.9475
18.3175
26.45
57.1025
41.395
40.735
36.89
78.665
46.335
58.725
38.0
65.225
74.735
43.8925
32.5875
58.735
61.58
61.21
57.9825
68.525
44.3425
60.9675
65.04
41.9
45.15
52.835
81.685
43.625
54.2675
42.5
84.2825
34.8075
43.6975
51.15
71.75
50.77
40.0025
52.89
69.63
65.4825
71.61
38.67
59.695
59.9275
45.095
41.6075
61.3675
51.96
55.665
56.7875
43.975
45.18
51.5725
59.525
47.3725
47.09
57.675
78.535
59.235
55.8325
73.56
65.42
31.25
30.0075
46.3275
53.9525
38.21
30.915
41.9025
31.265
68.19
75.035
55.785
28.2875
33.5575
72.4525
36.9575
51.6475
52.1875
51.975
54.8475
78.4375
41.955
38.58
56.0075
56.915
44.6025
75.9375
44.915
62.9825
74.0725
54.4525
71.3725
36.9425
43.0175
36.7025
54.4375
44.1175
66.9925
51.945
50.465
50.125
51.2225
44.3325
64.1825
40.3225
62.625
69.4975
66.45
66.67
68.23
49.55
45.9725
51.8725
70.4975
30.245
59.39
67.925
41.665
57.7
63.8925
40.7025
54.2575
61.1825
57.2875
48.5025
72.685
72.4625
32.5825
69.765
48.975
40.6525
63.0625
32.2675
55.525
75.4225
50.28
56.9275
64.755
57.9725
48.9475
39.7325
71.38
64.5325
62.7825
66.0075
69.3475
73.495
52.7
55.2625
67.6325
82.92
54.2075
67.54
47.7775
64.1325
67.545
87.5875
60.835
46.545
42.68
73.95
45.1625
63.825
66.1075
43.0575
11.67
60.095
57.09
51.6175
42.0875
68.5875
57.9175
61.34
43.99
61.405
62.8075
46.125
86.5125
61.83
63.78
50.0025
48.4375
38.0375
50.9325
44.79
38.255
36.555
75.29
65.17
58.1675
62.8275
47.4125
74.1
50.34
53.2525
31.6475
46.055
57.815
45.2925
56.885
51.2475
44.5125
45.2575
58.36
46.6775
57.37
62.97
46.515
69.17
53.665
31.885
52.8125
58.5075
48.63
83.57
75.4525
72.115
47.405
49.3875
68.9125
50.5925
48.15
42.7225
56.325
37.2175
20.8775
60.1575
43.0025
47.03
60.7925
64.9
42.8775
44.5975
36.38
57.0225
46.8575
69.75
65.455
57.7075
72.3575
68.81
73.715
54.185
43.64
65.2325
28.2425
70.335
55.2875
55.12
81.0275
47.63
48.9925
37.35
44.2625
72.19
47.9175
71.5925
59.9025
79.0625
71.0025
48.89
64.83
47.0275
43.3525
64.1375
37.3975
46.4375
57.2475
74.05
38.165
64.27
30.87
40.335
40.76
23.9625
44.6375
50.23
50.325
46.9825
73.67
63.86
57.6125
32.935
60.3025
72.375
45.8825
77.62
67.72
35.0825
75.66
65.6675
30.185
61.1875
51.1825
60.24
75.8
69.54
62.1425
69.1775
22.725
77.88
49.745
82.11
69.355
50.975
43.455
62.985
64.4125
52.2325
45.01
60.795
57.5425
36.0
75.8125
63.73
55.225
61.0625
48.0075
43.2775
56.4625
73.7975
77.0675
34.0575
55.6775
69.835
55.365
90.17
42.825
61.36
57.1875
63.885
58.525
50.415
49.595
55.565
32.9825
50.5
63.6025
48.045
46.5075
52.775
59.2175
58.7675
44.6925
84.895
43.35
69.42
70.51
60.2025
62.9
55.65
67.08
62.955
77.315
53.8925
51.7975
55.6375
60.01
69.595
54.1975
87.65
83.7475
39.5325
82.7675
49.1325
58.95
40.1675
45.35
52.2325
49.255
75.0025
55.195
45.4575
46.875
66.0825
51.785
52.645
73.305
34.145
78.945
61.94
47.46
45.8625
79.99
48.76
62.5725
43.9375
41.1575
36.85
35.005
61.9075
46.815
46.535
43.75
46.3675
70.17
80.0775
60.2625
33.915
65.3775
55.7775
61.755
44.3425
63.685
62.9575
69.925
69.1675
53.46
70.7125
62.2175
52.355
60.5225
39.0675
53.22
58.7125
56.61
41.34
57.5925
59.99
44.31
61.1325
53.8425
69.965
70.29
47.0675
62.2775
47.4425
55.83
57.0025
49.885
67.68
44.165
46.1725
26.395
39.7575
63.5775
54.8375
66.07
37.34
77.4575
59.975
46.08
72.3675
66.225
38.2225
56.8025
79.5725
68.4675
53.445
53.16
58.4375
52.58
36.5625
89.37
53.785
54.7925
56.2625
48.295
71.28
76.2375
91.8275
58.7525
65.99
23.4075
65.58
61.4575
36.85
69.5975
52.945
57.7275
31.115
53.995
78.9575
62.2075
60.41
50.4625
74.97
51.9025
70.625
60.75
50.36
61.32
59.31
72.7025
60.5575
59.2425
79.67
38.7275
62.0775
54.99
63.525
67.19
70.7425
50.88
46.4375
36.8775
50.26
49.8575
56.1675
51.38
55.7575
61.3275
29.28
50.94
55.1175
50.27
37.165
65.7075
59.3925
51.6525
35.385
53.925
42.485
81.71
55.6375
72.1975
64.345
57.91
53.56
44.4775
78.61
64.8825
41.7175
62.15
26.5275
60.0125
65.1575
78.115
73.6625
57.7875
64.375
36.0575
73.78
71.56
53.2075
36.45
44.6225
61.6625
49.555
56.7925
55.11
77.475
36.6575
51.3625
54.795
62.0675
75.0675
43.48
58.065
84.21
72.1175
54.2475
57.865
66.57
87.6375
53.7975
27.795
46.725
18.185
60.235
59.8275
56.1475
63.335
57.1725
64.22
73.9275
51.8875
68.74
40.1475
44.26
34.2125
51.8875
52.21
73.005
39.4675
51.8275
65.75
78.1175
33.745
60.8725
58.555
84.635
64.5275
56.225
55.7125
49.8325
61.9225
57.8325
34.1375
50.41
51.9225
38.0375
35.7
51.055
67.23
25.43
64.6425
66.71
65.8875
55.765
21.84
77.155
41.6725
69.3725
51.55
44.25
54.9775
34.8325
50.8975
33.425
67.1075
35.3775
67.8225
70.2525
50.015
65.8125
62.93
47.3075
37.1575
81.6225
37.6475
67.985
72.35
58.0125
33.3075
61.5275
57.0375
64.3375
69.19
35.2025
34.43
46.565
59.9975
61.28
83.85
64.12
69.5025
54.1275
30.67
52.2875
41.6775
52.94
65.725
73.1725
74.98
62.6675
78.5525
75.505
31.9675
73.75
56.505
57.7225
49.835
58.225
57.935
41.395
83.585
59.005
35.89
59.8175
39.105
81.125
40.495
65.7
66.565
45.7725
61.2525
42.555
54.9825
62.425
87.0025
35.4225
57.33
62.5175
47.63
27.9125
68.735
34.9175
24.86
64.8775
63.6825
49.315
64.9525
50.535
66.4375
55.7075
55.22
49.8
59.8125
48.825
62.165
63.8
31.97
78.8775
66.8875
35.9775
54.5325
80.315
59.9425
49.99
86.365
61.1975
71.7025
50.7275
61.54
72.725
56.575
53.0625
53.52
52.505
70.8725
69.9025
45.105
58.62
72.165
82.695
56.745
63.0675
49.555
45.1
33.095
37.5025
13.5925
41.0475
63.275
85.455
63.3575
75.7525
65.31
52.8725
63.25
88.3675
28.32
50.4575
64.875
52.2275
34.9875
31.5075
55.88
52.6075
44.3125
48.8975
54.1525
57.1775
47.2175
58.98
74.62
25.89
50.56
37.04
46.7
63.185
56.4825
43.335
68.885
45.2225
59.9675
77.355
72.7725
64.0975
61.35
67.405
75.6275
53.115
59.8125
31.295
61.6825
29.03
55.685
49.1275
62.8875
81.4425
54.2775
94.535
52.785
54.1125
41.2375
45.7975
42.7525
57.455
51.6425
34.7675
76.59
47.7975
72.2525
65.73
40.75
41.2175
26.035
45.8375
48.395
47.96
78.58
51.4375
68.6475
41.1375
53.6125
42.6725
57.14
32.145
62.145
40.11
32.43
27.785
33.2675
50.365
60.0725
49.935
72.66
44.4175
44.575
35.65
47.0575
75.62
62.2775
46.5775
40.2325
34.445
46.78
71.4775
48.825
78.7625
63.3075
66.96
74.5675
62.835
25.2975
45.4075
57.775
39.995
39.025
39.6225
57.5675
59.61
40.3825
48.8675
73.6075
57.0875
51.9425
64.7975
63.995
60.6475
39.325
85.665
58.12
32.825
51.34
72.6175
69.6525
41.62
62.79
70.7725
64.1175
42.185
82.475
58.3225
45.685
70.595
50.0925
35.9925
64.7925
62.0975
74.63
59.87
62.1775
54.555
51.655
69.0175
59.1175
63.1
27.03
74.4675
59.3625
44.115
51.5425
60.0125
67.17
58.2325
44.3475
56.0475
68.8425
70.64
52.9775
67.5325
41.245
74.1425
65.0825
48.6325
51.245
64.1575
51.4
58.32
61.39
66.0675
52.045
38.8825
70.8025
71.79
41.29
81.9625
58.895
65.785
43.9975
65.0275
81.81
49.3975
27.2925
72.54
43.73
71.6975
70.7175
49.1475
56.7175
71.6175
55.8775
50.3625
59.7975
54.76
53.6875
42.0525
56.8525
48.1175
44.3
39.4075
50.415
51.01
32.39
49.6575
47.54
29.2675
45.3925
71.2475
63.255
47.4
51.385
71.0175
79.7575
78.2225
34.1725
47.8
30.825
69.1575
61.4075
32.0725
62.3025
54.0425
74.665
62.8625
14.2675
77.13
53.6525
57.075
48.8075
56.9725
54.565
64.8675
77.735
60.705
65.69
53.6625
62.685
58.3
46.88
61.0075
33.4225
50.51
50.21
47.165
55.5075
58.245
61.1625
50.3575
22.925
58.2575
64.15
74.2425
56.315
77.2725
63.98
66.5725
57.3225
58.2425
56.74
51.4925
30.255
30.02
68.79
57.9975
68.2725
67.7875
75.27
58.525
35.7825
49.945
47.4725
48.535
66.4525
42.7825
58.115
71.945
58.7875
41.585
43.225
69.4625
46.2575
54.43
54.54
56.035
81.715
53.8025
59.2575
70.79
37.475
37.005
57.7375
30.8075
44.3025
41.88
65.585
50.12
62.915
44.9625
45.005
35.4275
44.8975
31.26
50.015
41.285
50.6325
47.265
63.535
50.6625
53.37
79.5675
28.72
44.73
60.415
74.0875
49.1775
53.9875
60.375
51.8825
77.3175
61.5
53.94
40.9225
53.33
27.7225
75.215
59.94
25.905
49.76
50.2625
57.1575
55.13
39.0675
44.165
69.7175
45.6425
27.8575
43.0475
61.01
41.52
31.05
68.2025
53.7525
67.1625
74.115
48.8425
73.0325
67.795
54.8775
50.2125
58.985
67.3625
53.5175
79.3275
68.7125
55.73
54.295
61.0375
50.6325
46.64
51.7175
41.905
64.1675
43.8375
32.3925
64.085
28.295
41.0225
91.4425
78.205
49.0575
75.535
75.22
52.2175
79.825
66.6525
39.685
51.7625
49.55
64.275
75.2575
70.3575
60.215
66.775
45.02
35.49
61.86
31.3075
59.68
60.0225
58.1775
49.52
58.7775
37.645
45.0625
44.495
57.02
68.69
34.71
58.8975
41.7525
56.7475
55.3025
64.99
39.57
59.385
70.325
46.5725
54.3275
65.24
59.385
73.1975
65.3825
65.3725
52.055
64.93
82.3
52.0975
62.6075
61.6725
53.125
74.8775
39.73
65.0325
47.44
38.7625
33.28
72.735
56.08
73.3325
48.265
48.4075
42.2925
80.4375
45.295
79.9375
73.0
35.59
27.6025
58.0825
43.8375
60.95
41.3775
37.48
44.9825
62.7825
75.1225
36.7175
59.855
73.67
52.82
50.525
45.405
73.125
39.945
57.4975
48.6125
53.44
39.5225
78.485
54.935
35.635
71.7325
49.195
56.07
66.79
23.1125
58.835
33.7025
62.3625
37.815
49.51
53.8125
61.2375
51.995
62.4825
69.6
44.015
70.1875
59.8675
47.6875
77.615
67.225
34.58
73.7775
16.4875
53.3625
76.7725
60.3775
48.89
71.65
48.02
52.4725
52.5075
54.5475
71.275
46.8625
48.18
71.485
73.395
78.6025
58.075
47.41
68.2925
54.62
61.8375
29.0075
69.81
43.0925
60.6075
76.525
40.5475
50.9325
38.255
76.22
49.97
53.5425
53.3575
30.3875
72.1275
54.795
56.4825
52.1575
63.8
35.3625
44.13
43.395
61.5825
39.9125
62.0525
66.8025
32.52
73.3275
52.8
42.8825
62.5875
51.455
65.5075
50.8425
58.465
37.1675
71.9875
72.9325
23.395
45.01
50.3025
52.44
76.1025
44.4425
61.7
49.605
44.425
54.765
58.49
72.265
79.925
56.59
60.46
67.02
72.7675
51.09
53.135
56.0425
71.33
55.2975
16.315
40.6275
41.3525
75.5375
73.995
62.115
34.1875
76.43
54.05
55.7
67.38
55.6225
60.765
61.49
35.81
72.12
61.6025
77.6325
71.77
77.0725
48.23
62.2125
38.4725
63.9475
44.9825
45.935
71.2075
52.565
68.15
69.815
70.8425
57.9875
22.1475
65.6275
43.0075
50.7825
72.0475
52.54
64.125
41.62
46.5775
33.0175
74.995
74.24
51.9325
65.0625
72.635
78.64
65.72
45.875
34.55
30.1775
36.005
40.6775
80.585
55.6425
34.4
55.6425
61.7725
54.0425
77.53
62.0775
24.65
48.3425
66.425
75.8425
51.9325
54.085
67.155
78.22
51.605
37.7125
50.0625
51.2825
51.5025
70.6325
48.59
80.4025
35.64
72.4375
70.175
51.055
63.7
45.8925
78.1225
32.5225
72.7225
67.6375
82.3925
70.845
51.3225
55.8475
42.97
48.6725
79.4075
83.5625
78.885
70.155
52.2475
38.2475
70.4325
50.3275
53.5925
32.3725
71.0625
74.0675
62.0425
50.0025
72.9825
53.1
46.5175
70.2875
63.4325
44.8225
81.395
33.215
75.4325
35.08
72.6675
47.0775
53.3675
54.525
51.475
48.045
39.66
69.3875
56.75
45.3725
46.155
35.99
81.4025
76.2675
48.1025
64.83
73.9475
76.6125
67.525
40.725
47.55
45.7275
48.69
38.3325
56.0525
53.8325
80.555
40.8575
43.77
53.1275
50.2875
67.625
62.535
87.3325
38.715
48.5325
73.1025
68.4875
59.305
47.6
55.48
78.275
43.8325
65.61
46.7425
78.865
68.8925
32.89
52.2625
73.6
78.6
39.965
43.3725
48.19
54.6675
68.1375
48.1175
63.49
67.825
78.455
46.4625
40.8975
70.875
50.085
29.7475
73.15
50.7725
65.055
68.0125
57.115
57.1625
70.87
55.12
52.0025
59.1175
62.915
49.3725
63.4075
69.8475
59.675
50.985
66.9825
38.0775
93.3125
69.3925
68.01
55.88
75.6025
49.8175
49.5125
46.925
56.62
36.0375
69.975
56.54
32.79
90.8275
56.9025
35.1325
57.9025
37.9825
54.2675
47.095
50.625
52.4175
41.235
66.81
45.93
56.0975
62.115
46.34
69.855
72.81
33.2175
40.7275
51.8075
50.525
48.5075
36.6075
74.6525
42.02
60.845
54.7025
59.305
52.6925
64.165
64.675
58.79
55.665
68.905
56.6525
60.8425
59.815
42.6825
59.8325
51.7425
55.6325
59.085
66.085
25.5775
65.3175
70.4025
74.6375
68.44
61.1475
49.22
71.285
38.7075
73.8775
48.98
64.4075
43.8375
70.735
33.6875
40.5525
48.5125
58.9975
48.195
68.5025
48.755
39.9975
51.925
48.4125
56.09
54.7875
60.6225
44.1625
54.5725
43.0825
69.645
50.82
55.155
44.7575
50.1375
75.7275
54.9675
55.2425
58.5775
74.2225
55.8275
69.1
73.12
61.655
46.735
43.4375
71.4525
51.9475
45.375
63.225
55.9575
36.5225
63.4475
64.31
73.0075
35.415
37.01
70.2825
68.945
57.35
57.725
45.9225
50.985
61.2225
74.2125
60.4425
69.275
41.875
55.72
62.6975
59.865
59.895
62.355
77.705
48.1
52.6875
71.4225
55.535
49.5375
61.0275
41.7875
59.63
71.76
44.755
58.0725
59.1825
46.22
57.525
67.43
45.23
56.9075
68.295
72.5075
68.97
62.7675
60.0625
61.27
50.79
78.955
32.4975
44.185
61.925
65.6875
53.76
86.735
43.7225
39.545
59.0625
52.6775
41.6425
61.7175
28.7475
46.7125
58.905
24.7775
37.46
68.495
47.0575
68.025
73.79
64.7425
64.39
53.37
65.9525
39.31
44.77
67.995
65.04
68.885
50.6925
66.11
63.27
47.1125
48.6525
87.2925
54.575
86.25
42.985
44.2775
40.1825
65.7375
47.4925
73.9275
42.54
49.67
70.8775
42.205
73.18
57.615
63.625
41.4775
55.09
63.8625
35.795
70.2025
67.75
80.675
44.13
73.3275
44.34
62.9775
51.08
56.82
69.8475
49.4575
62.8825
43.4075
61.73
45.0825
37.26
34.58
63.6175
64.7675
39.7525
27.975
44.95
73.9375
51.01
31.345
28.335
60.96
35.975
37.825
41.295
59.9875
47.7775
53.5875
86.6875
56.415
40.36
79.1375
44.675
54.0925
69.825
53.72
66.1475
67.3825
37.2325
43.1625
45.44
54.5875
73.9325
47.6375
49.505
56.4875
58.57
35.1725
75.165
70.9675
60.5475
55.3775
65.685
61.33
54.745
55.58
50.2025
53.595
40.8675
39.655
86.215
24.32
70.6075
66.675
36.71
59.8525
63.97
77.725
39.815
31.6925
41.685
48.475
53.3325
78.2275
37.705
74.69
46.37
79.3
42.3425
56.7225
78.14
52.5175
63.3325
40.4925
37.11
31.5575
53.6225
74.735
38.545
68.0725
78.1575
72.215
49.84
52.655
39.475
44.8275
66.7075
32.2075
63.5975
66.92
74.15
86.4
39.9875
64.4275
42.1625
60.9
45.905
66.2575
40.0925
32.4975
55.0825
55.805
63.245
48.17
44.345
51.625
58.105
52.56
52.1575
72.175
46.3325
57.1275
41.93
26.72
37.5125
42.875
57.57
58.9725
65.705
95.655
44.1525
23.8725
46.82
39.53
67.525
50.53
67.8925
38.5075
44.9625
75.2125
63.0325
51.9075
98.1625
47.84
69.3775
41.76
79.645
66.3025
73.775
56.983125
66.77
48.38
53.5325
49.0325
58.035
64.395
57.315
55.3275
48.6025
62.0475
58.9575
33.0625
49.38
60.6725
76.6375
68.8725
77.43
37.4825
46.8375
74.995
69.7425
45.3475
52.575
71.8875
46.7975
71.9675
51.23
61.7725
41.5375
25.085
39.5525
44.69
33.1625
81.8925
73.23
67.7125
52.45
50.835
64.2575
48.56
46.2775
48.405
44.7
54.165
63.7625
46.885
79.3125
60.81
51.21
40.2125
53.5975
46.89
28.65
57.955
41.5225
50.5075
55.915
55.9175
80.7275
42.9375
56.145
64.1925
41.9975
65.8675
43.2575
68.9325
44.3875
61.75
48.56
70.625
24.1625
81.2425
55.285
56.905
59.9725
58.855
48.015
65.685
44.4625
51.235
72.62
60.5175
42.0625
62.8975
73.23
59.28
39.4
38.0475
64.26
62.7475
43.835
46.315
47.2325
52.4675
53.1825
43.65
74.465
55.2475
73.2725
45.625
50.6575
56.7275
87.52
33.1175
57.2225
47.17
46.08
70.0075
52.02
48.1275
51.6875
44.19
37.4125
24.9675
88.635
52.8125
64.585
41.2825
51.645
75.315
55.1
49.09
57.29875
59.7925
32.9875
58.0375
53.8475
62.135
57.7625
41.475
75.3825
22.3025
50.5725
73.665
52.485
46.395
61.2475
68.685
97.5475
71.345
52.215
48.0
63.395
61.3775
54.0225
67.33
54.7175
49.295
63.49
53.1375
48.175
66.4225
59.69
50.5425
66.955
80.9425
37.3325
66.0925
39.245
65.22
56.4225
53.635
64.43
60.97
45.555
35.1425
59.76
68.66
77.2575
27.3975
30.56
84.415
48.93
36.8225
57.2875
22.405
50.28
44.1775
51.3975
55.6775
37.815
33.3675
49.8725
82.2575
53.0825
41.6325
59.175
42.4725
41.3375
39.3275
44.715
44.245
78.5575
43.7075
44.1475
51.4725
37.64
68.71
76.84
58.465
56.79
50.8625
69.0425
45.6075
50.09
37.725
25.5225
56.305
43.885
76.835
57.5975
62.25
59.3925
62.4725
57.4925
48.7825
62.29
42.9675
69.945
74.8425
73.2375
48.4225
58.4175
68.825
46.04
42.95
63.7475
48.2175
50.0075
59.875
59.635
52.3825
57.3925
69.54
46.8625
75.23
48.3725
32.5675
48.545
43.01
61.35
60.53
59.4825
57.555
55.415
63.765
76.235
54.36
82.46
65.385
21.18
41.8575
75.23
74.165
59.39
40.7675
56.06
72.3575
43.6875
42.5775
71.5975
49.755
45.27
65.0925
42.6675
50.22
45.06
58.815
57.2175
67.91
49.52
52.85
60.415
26.405
44.4375
66.2725
66.88
29.8125
56.1325
62.8
69.9975
64.7525
63.1175
38.215
74.6325
60.2225
51.1375
67.2875
48.9975
50.125
45.24
27.735
49.2275
62.2075
67.8525
77.125
58.39
52.7775
60.5975
84.31
45.0525
63.8175
68.85
70.9775
63.7025
78.05
55.385
75.6175
49.8575
50.8425
45.5075
58.7025
47.5825
61.53
60.2575
55.3675
44.3175
72.2225
67.325
65.925
35.535
43.9975
63.235
66.365
43.7225
61.29
65.0725
71.83
59.595
52.9575
46.115
48.86
60.5525
54.4125
50.6875
59.44
67.6275
29.35
56.08
40.2025
69.4
26.7925
32.745
59.9625
55.355
38.67
33.5475
48.475
36.7425
72.3125
58.425
50.9
85.6325
53.2875
30.5075
41.0
28.535
55.815
42.875
66.52
54.3
40.2675
44.685
66.2475
57.945
79.585
60.775
54.6925
63.2525
48.2025
56.445
62.2025
70.31
45.38
68.055
65.0575
65.255
58.635
64.9625
57.0825
54.7475
35.5375
86.455
56.11
53.7
41.165
44.015625
63.615
51.9175
79.8675
39.8375
66.0175
39.2225
49.575
45.77
38.8625
52.3075
61.215
70.3
31.2975
59.2175
54.6075
50.175
72.71
65.265
62.67
64.9775
67.9675
41.375
70.535
64.8925
52.7475
44.2175
49.2325
77.35
33.615
84.17
36.305
57.7375
82.915
77.1725
36.2175
34.4775
60.2125
69.9875
52.5525
63.07
55.9175
41.78
55.3425
57.9025
47.305
60.03
48.735
36.1875
64.5325
63.9325
64.1475
44.575
53.1325
54.2625
46.8025
46.9975
45.1525
74.1675
37.885
52.2
70.9525
74.4575
67.9725
46.27
50.4925
43.01
47.2575
30.3725
61.7925
74.34
76.25
53.325
39.305
61.655
31.315
57.3125
33.5025
78.135
52.825
32.1725
25.965
51.3975
56.315
48.775
69.565
59.93
65.71
70.0775
51.3975
89.6
38.1525
73.5425
65.3525
43.7125
54.57
67.4725
34.2025
61.3275
33.235
55.605
45.63
37.325
43.775
50.1075
45.8175
64.7975
56.3375
53.0625
57.1625
69.39
61.0575
78.015
68.205
36.3975
47.7925
60.5025
41.2225
32.905
28.2225
46.1175
35.3775
67.5425
60.2975
36.89
34.9
67.76
25.5575
51.74
33.33
74.02
38.905
78.7225
88.5025
18.5375
40.0425
68.8675
38.8225
64.2925
64.6225
32.6375
55.59
53.6875
50.6675
63.7875
84.055
42.4225
63.705
73.4875
48.765
55.9325
59.32
46.7025
89.4425
32.545
51.89
53.8725
63.7575
57.8525
38.715
43.8175
62.7325
53.67
36.48
54.62
65.5175
54.1625
72.325
31.8875
44.265
75.8475
65.4825
45.6225
50.5575
47.2225
47.33
60.525
67.7875
76.0125
50.12
60.51
59.65
40.035
36.0925
21.7525
43.3175
74.9075
50.68
60.45
40.3575
65.1925
58.4575
54.42
42.4375
50.615
52.015
80.4
63.8425
75.4
63.145
46.0325
58.04
61.32
47.8925
29.71
42.2675
63.61
34.7275
69.4925
44.195
44.8775
40.7
61.5325
45.605
75.615
71.84
24.415
23.605
56.705
40.49
49.1075
61.19
58.6575
40.79
69.46
48.735
70.5275
43.705
62.1125
71.67
56.035
58.3725
66.7475
53.6075
34.9725
50.105
55.255
40.2225
61.3475
45.5475
41.54
35.7775
72.675
64.4225
31.4225
42.4075
48.1375
68.3375
65.93
54.7075
42.4625
48.69
38.9675
50.2325
68.96
37.325
51.0325
37.335
48.26
69.58
55.4775
41.4175
39.195
43.26
34.625
71.92
83.575
47.43
52.2825
45.5
47.17
47.5425
49.295
33.795
43.465
72.2375
39.6
67.1925
61.1125
54.7175
45.9625
60.6725
43.3825
64.6825
65.7575
51.7475
58.3175
43.4225
48.125
42.5475
69.7
61.8325
48.48
52.94
66.9725
54.595
51.2825
43.095
66.625
52.06
56.205
71.5825
41.9825
50.925
53.3025
60.9675
55.52
71.815
49.67625
47.82
45.3575
51.5225
46.95
61.1575
39.655
43.02
52.98
46.695
70.885
52.12
69.985
55.7575
82.0175
48.6625
64.4975
58.7375
38.015
64.3625
59.7175
66.2775
60.0125
35.255
42.875
51.3125
45.65
83.4175
65.1075
72.675
42.64
53.8475
46.2075
42.6775
44.65
61.1225
50.445
27.5725
64.595
43.8
44.94
61.7475
57.7475
55.175
47.9675
60.81
72.255
48.4225
44.72
84.345
56.8225
22.695
39.5325
46.9075
37.255
46.155
65.88
64.5325
67.1025
52.7425
45.7825
52.2925
49.895
36.1525
55.315
44.16
51.0825
77.5225
62.7575
70.1975
82.0525
44.2
47.2375
33.73
60.38
67.3475
54.575
70.2225
54.3275
71.615
64.2625
53.77
60.6875
47.6475
73.1875
72.62
71.23
53.84
49.025
70.175
63.3425
53.02
52.685
38.785
28.0325
61.515
59.0925
54.45
45.635
49.5475
53.7675
45.3325
68.89
54.86
50.9975
50.3725
68.7
42.68
76.185
63.0175
61.095
53.06
49.04
37.8575
73.295
63.395
60.5125
74.5325
56.7125
48.2675
57.65
29.25
51.8575
78.66
65.83
61.7
39.905
61.01
55.38
55.065
59.005
45.09
54.0125
54.82
56.07
57.5475
48.2975
71.5475
50.195
52.4575
58.7175
47.47
32.465
59.14
27.5875
65.545
55.245
37.72
48.7325
39.6525
29.275
67.98
37.2025
46.71
42.37
50.59
68.955
56.47
42.2225
59.0675
41.185
27.8825
38.5175
78.11
58.515
34.6825
50.3475
43.115
81.8825
60.185
65.255
74.49
63.3625
52.695
66.3375
64.3775
61.7775
32.7075
49.58
65.5125
51.7425
46.615
74.5625
65.385
87.2075
66.82
62.59
48.545
31.0325
68.5125
78.67
45.28
59.3825
59.435
64.175
65.355
63.105
55.8925
54.66
65.0175
52.42
47.285
61.0825
62.99
66.6825
55.4375
53.055
53.2875
49.765
71.4175
57.1275
37.865
38.835
56.21791666666666
78.1425
53.3125
58.0325
28.2875
36.6025
52.2025
80.1
62.1225
47.6925
56.8425
46.4275
53.0775
38.6825
60.6475
31.5075
63.305
47.925
48.5275
39.71
58.095
72.72
60.5225
35.748333333333335
34.515
25.8825
52.1825
61.075
32.425
65.3025
51.215
60.0125
68.87
29.22
47.1
68.885
36.1325
37.5375
65.785
50.79
49.6375
57.145
50.1025
59.29
59.4125
65.81
44.025
60.79
40.9975
46.78
55.6875
45.1625
61.1025
46.46
45.245
54.86
48.67
62.1675
25.755
61.6975
58.3175
73.0075
49.705
58.9575
59.9075
44.1525
79.175
96.595
48.96
70.4925
57.6625
65.175
56.535
57.9025
46.095
66.67
29.4325
65.99
45.15
69.35
55.375
60.1025
64.4275
67.0375
41.1725
30.95
66.36
60.0525
53.7425
61.7225
67.72
41.5025
76.4775
59.18
73.56
29.385
49.9175
48.9175
55.2025
68.42
61.325
62.4325
36.505
76.16375
71.8475
51.2525
60.905
69.62
57.3575
43.4525
70.495
56.9975
55.8175
37.385
64.225
68.84
61.51583333333333
37.48
38.635
63.47
79.525
29.8325
44.6225
54.3
52.645
37.9925
66.3775
49.1275
41.4975
68.0425
61.14
72.515
70.155
27.4925
69.73
48.94
60.7175
52.295
50.56
47.4375
65.9925
68.2125
54.695
70.2425
69.95
57.0775
66.295
50.9975
27.5825
33.765
53.875
53.1425
59.9975
55.4275
64.765
53.6875
47.3725
31.045
37.1275
45.6575
59.435
37.94
54.735
45.945
41.3125
44.5275
62.4175
60.275
39.1625
58.635
47.28
52.6225
52.5475
55.135
59.6775
47.3625
57.7275
68.565
56.4225
48.8
56.05
64.48
59.3425
55.7875
83.185
69.345
62.26
58.265
51.44
63.055
61.3275
40.9925
42.965
60.025
35.88
28.6125
49.1975
74.42
50.435
64.2375
51.2875
71.0275
52.6925
43.32
44.6925
37.66
63.6425
57.1575
49.8425
51.5525
54.0525
32.1075
49.2675
47.7225
64.355
62.2475
77.8425
67.055
63.2475
52.72
71.505
50.485
61.395
72.1825
73.6875
77.985
61.9325
42.4
60.3275
56.0675
62.425
46.885
46.4725
71.02
59.5225
44.23
65.5475
23.1525
38.2525
82.3875
48.125
59.425
57.6825
74.325
76.81
48.4175
69.5975
43.9875
18.905
56.5725
45.3425
49.045
30.43
49.2425
59.2825
43.375
55.4075
79.4325
77.5175
65.4625
76.53
63.9975
42.1525
47.745
37.0175
66.67
60.1275
84.6025
64.4325
65.3225
68.3275
64.7125
53.48
28.0375
62.1125
51.7575
33.975
45.495
52.1025
54.6775
64.14
49.5225
67.2725
55.4225
52.41
64.525
80.56
63.0425
50.7925
43.495
86.5025
61.095
72.555
54.9225
74.005
79.4925
38.2275
32.0875
36.1575
47.24
61.0575
44.2575
51.18
44.13
47.9525
65.36
67.675
67.7925
59.945
56.26
49.9575
46.8225
36.875
66.5575
49.185
38.9825
48.9675
79.8
61.075
41.01
53.0875
69.9575
67.6875
47.935
51.6
66.42
72.89
54.065
56.0325
72.4075
50.5725
69.0925
71.365
34.7025
65.7875
76.465
36.4
61.7775
45.4925
45.7475
51.8475
45.2475
48.3775
68.355
52.9775
69.1225
54.2675
79.47
44.0175
68.525
82.28
68.6375
71.97
44.8525
72.5475
72.0875
55.925
46.41
49.0175
39.35
62.9625
27.8375
65.6675
55.9275
47.5175
24.97
35.475
67.57
32.7875
76.88
74.9475
48.945
65.9375
78.7725
62.3225
61.9575
73.975
47.725
67.1
65.03
48.875
61.59
38.045
57.6
47.355
59.225
46.2875
42.99
59.9425
35.0775
40.3575
59.1975
74.0975
58.1475
63.765
61.655
63.835
27.6475
54.31
54.0625
60.915
54.55
31.94
34.9325
46.145
82.19
42.265
58.2975
65.575
39.9375
45.7775
75.64
58.5625
67.7425
61.29
64.1325
55.8225
43.9225
62.79
52.2825
31.4525
66.6675
41.56
50.23
65.625
42.455
40.4325
54.3025
52.0075
63.1275
60.9425
50.9225
56.635
59.585
57.6825
49.46
49.8925
71.6925
62.5225
49.465
87.2625
51.7125
68.135
50.8675
55.4825
41.345
37.68
58.4375
46.7925
53.94
61.9925
34.9475
59.84875
50.95
32.3225
31.9125
65.275
56.96
61.2025
66.0175
27.97
53.915
50.46
57.3125
42.54
75.645
45.0275
61.6825
61.98
41.5375
56.215
58.725
86.305
45.8325
48.3675
37.9975
63.93
65.4025
66.465
60.63
44.3275
71.89
48.235
36.325
46.145
55.95
60.945
72.53
69.165
51.6
55.7125
44.89
47.0625
71.455
50.2875
39.065
29.24
61.49
55.035
51.9225
42.4725
40.595
43.175
64.8875
40.115
43.8925
13.9025
37.3725
56.8775
64.7
70.1675
60.0175
69.875
60.0725
39.75
47.57
62.69
41.805
59.27
55.245
75.8325
60.69
80.705
60.7475
46.3625
55.41
54.115
35.5325
52.8925
52.51
67.67
36.0725
80.0575
50.9975
44.455
47.7375
80.1325
37.8825
69.3975
57.825
66.34
78.63
53.7875
44.66
67.6325
24.3625
77.385
63.57
61.4725
63.8075
47.7225
72.2375
52.355
68.0375
46.2725
68.92
56.8
52.295
60.17
50.9325
39.6325
56.79
40.925
37.045
61.945
61.165
64.485
71.255
50.8825
51.09
44.875
48.89
73.9675
59.32
53.4525
52.9425
73.325
36.8875
47.175
57.1525
62.175
55.49
60.995
65.5775
50.655
70.17
50.745
44.985
39.905
78.1325
88.05071428571428
68.2
46.6175
75.555
41.795
60.9675
52.4925
49.095
50.3075
30.6375
72.6675
48.9925
50.2125
49.7675
64.84
36.99
67.915
42.155
57.3125
55.1375
76.8675
54.765
39.9575
75.3575
63.8125
68.28
53.29
67.8675
55.0425
58.3075
47.0075
56.14
35.9975
50.535
74.1175
54.87
57.245
67.33
44.7025
39.64
67.61
62.415
63.53
51.4125
65.86
82.3975
39.5275
63.7825
55.24
54.6525
74.1475
56.2475
40.03
41.9025
40.2075
63.12
34.4575
50.12
49.6025
75.59
56.6425
45.5825
68.035
60.105
62.285
50.57
63.9225
43.815
55.4575
47.11
53.085
70.295
47.2525
49.7625
37.65
60.485
72.975
30.995
61.5275
56.3075
52.28
68.19
59.0925
63.9775
68.2975
58.73
26.1525
61.2625
68.53
62.6625
64.505
49.96
56.6775
40.2225
24.69
50.4675
63.455
60.3075
50.16
54.335
39.9225
55.245
68.3525
46.1475
42.2325
64.165
58.72
50.855
65.9025
70.7325
72.2875
31.97
70.235
63.5425
67.14
55.7175
57.8525
60.77
38.875
50.2225
53.025
56.34
40.355
53.38
37.5025
45.605
43.615
83.03
76.1525
65.505
69.34
39.82
31.785
66.935
40.6575
31.505
69.695
67.625
45.1
62.3575
65.1125
67.2375
34.215
74.78
74.9225
69.44
29.5175
61.705
58.385
48.715
47.025
49.105
66.465
62.855
39.9525
69.5525
61.705
30.4525
50.8675
50.2425
69.9575
59.01
18.9975
46.415
60.3075
61.8975
55.76
37.2575
50.515
39.97
64.485
37.3475
42.945
40.0925
40.485
49.2775
58.4375
72.455
44.7425
49.4275
43.3175
64.165
64.2875
59.51
54.8525
48.7275
54.3125
52.61
56.8225
57.28
35.6875
44.9325
61.2
32.045
54.825
75.3325
48.37
36.6875
48.21
40.515
51.755
56.6775
36.4625
46.31
46.995
57.4375
50.2925
48.825
54.0525
52.6875
48.65
68.3525
49.16
48.2125
70.0275
39.1725
58.425
29.815
57.37
49.7675
27.4975
42.3675
78.4025
34.685
52.74
70.3975
46.32
41.2125
68.475
68.0
34.6225
60.045
83.0875
54.0075
45.6125
59.4675
44.065
52.655
48.5575
67.4725
25.725
67.42
49.16
77.015
51.6425
65.715
70.61
58.62
27.6975
57.675
37.7375
45.39
55.7525
61.095
74.9875
78.29
45.8075
56.905
43.745
56.095
71.605
42.46
66.21
48.77
41.3625
70.6175
50.0425
78.075
51.195
56.98
42.0475
69.605
51.4275
59.8825
60.8975
46.375
50.78
61.18
79.7625
66.9375
84.49
46.7575
36.69
75.51
71.2125
49.75
57.0825
47.615
54.3575
48.2925
52.9225
67.415
62.8475
54.0875
27.795
47.1725
60.07
54.5125
74.8825
56.4375
32.915
79.915
70.92
55.66
34.9625
46.585
60.2525
50.35
48.525
35.8075
53.7925
67.3025
46.0925
37.215
40.7525
59.25
45.275
67.2525
47.0225
47.48
58.465
58.99
65.61
59.7025
64.2625
48.4975
43.8325
54.39
70.915
47.1325
45.525
55.7825
70.9275
51.655
59.7525
60.8975
50.28
37.6
58.5975
75.315
64.8125
66.3
56.475
57.48
51.2225
57.7175
73.92
39.055
48.15
53.985
44.1625
38.45
37.7075
50.5375
69.735
54.8625
34.475
54.4225
52.4875
38.415
31.365
44.8675
62.115
62.915
54.4925
55.815
76.8325
76.27
42.135
65.4475
31.5675
62.5325
35.0375
50.6475
40.635
64.2325
69.825
51.4575
83.36
27.685
64.455
40.3575
37.91
66.3675
47.13
71.645
36.6025
50.01
51.48
72.0975
73.2125
64.685
69.3075
57.3825
73.44
44.0725
67.25
46.3675
45.885
41.84
75.72
63.425
82.53
33.335
59.845
70.36
59.3925
73.4725
52.9025
36.2
66.1175
42.2575
47.985
60.21
49.3075
56.2825
62.4275
59.3425
46.3175
59.94
44.3675
64.525
61.615
38.07
43.9525
55.09
54.7775
52.175
58.855
50.085
70.02
76.38
59.695
64.1175
69.675
65.4425
46.435
61.3025
59.175
54.725
46.2225
38.07
63.3375
48.945
77.105
33.2025
53.83
38.1325
43.3075
46.2575
62.675
62.275
57.245
82.3425
31.12
68.215
66.5025
42.5225
45.96
78.87
71.8375
69.3725
68.9575
50.5
42.14
50.3325
56.455
57.19
58.7875
48.0625
83.58
54.5
38.9125
65.7375
54.56
70.3975
54.6425
80.245
41.8175
50.835
68.1325
42.82
72.8225
67.7925
37.895
48.5275
58.675
31.5725
56.175
41.1775
55.345
69.0475
63.4125
39.6825
64.0375
64.475
51.94
71.7625
59.87
47.875
79.12
37.595
36.545
50.4475
60.5525
42.4275
20.3475
32.4725
48.57
45.2725
79.73
53.5725
40.555
60.5925
74.1275
43.26
51.425
55.7175
36.2025
47.7225
35.975
40.6125
78.12
32.3075
66.9025
61.39
37.57
46.84
54.4925
50.98
42.1675
51.3725
38.665
46.7725
32.4525
62.815
60.02833333333333
79.9
32.4225
68.7725
52.2225
40.7775
52.4425
82.9525
67.4075
47.3025
40.955
56.0575
44.97
58.23
48.8075
52.7875
69.9675
52.91
56.1075
52.6825
52.2125
51.3
19.195
68.845
72.565
55.855
52.765
59.1725
64.36
41.46
60.385
33.6
58.34
45.33083333333333
63.5525
31.635
35.3475
43.1425
46.4375
49.77
76.1575
67.645
59.6825
55.995
65.405
69.125
63.5125
57.875
49.75
55.8275
39.8775
47.095
29.8725
61.0675
91.9525
62.4475
54.7325
38.7875
66.6675
52.1625
67.6725
78.5775
64.0875
51.25
42.97
79.2175
31.46
37.1
58.81
35.73
78.065
42.885
59.1375
45.5225
46.435
67.98
66.015
72.68
38.9175
74.8275
45.68
51.9725
60.205
78.74
68.14
65.525
61.6225
66.2375
36.03
34.95
36.6975
74.7225
45.23
61.39
51.135
60.335
74.7975
36.175
50.385
76.6
56.765
54.0075
45.6075
44.68
72.9925
66.9825
71.975
70.8525
65.1975
64.9275
45.8675
73.1075
40.52
85.325
56.33
37.63
56.735
45.28
23.4075
72.9525
53.8475
65.0575
76.02375
44.2575
46.5525
69.6375
39.4525
45.685
52.525
37.9875
72.6875
53.7575
58.245
40.9325
32.5525
61.1025
60.785
62.4425
70.03
36.495
65.9175
48.7375
47.5825
62.7875
51.29
52.0025
65.645
68.1825
68.035
71.735
60.4975
46.5425
75.405
76.2825
65.86
58.92
50.605
71.3525
71.6125
69.1975
42.5325
71.7875
57.8375
36.8925
57.38
36.04
75.21
70.1125
53.365
49.3425
43.965
65.735
65.1525
50.03
66.4025
57.33
78.0825
69.4725
35.7825
72.805
46.6825
56.9925
63.9725
48.8725
17.1075
40.1425
71.9625
53.75
37.025
46.255
46.27
45.9925
83.8025
60.52
53.58
75.12
66.98
55.38
30.3825
68.6775
63.5875
58.86
48.965
76.4125
73.3525
47.49
57.8325
56.295
59.9675
31.5525
43.675
61.1
67.45
52.5175
38.9125
63.02
33.14
37.2525
68.2425
39.8075
80.675
43.0725
35.665
53.4875
41.4025
42.5175
61.9125
62.5325
63.9525
74.2
70.035
71.92
40.5775
60.2075
45.72
33.45
59.4275
82.325
41.94
70.995
37.01
81.635
55.6575
30.98
43.1625
51.865
57.245
62.7525
41.335
75.1075
43.31
65.415
54.44
64.5
76.2775
38.8625
68.6225
46.33
56.4875
31.76
41.1925
40.195
56.9275
38.235
40.12
53.8725
93.205
38.9075
43.2375
66.59
80.38
75.23
73.46
47.7825
36.84
64.1175
45.7625
73.6475
69.76
68.2625
63.265
59.3075
56.735
49.235
39.1475
72.855
71.5775
55.9975
67.1575
74.0375
60.36
54.3825
29.3425
80.7725
56.395
47.76
38.22
36.625
44.775
70.055
69.125
69.2225
38.9075
51.225
73.445
31.11
75.24
41.6375
53.7225
88.6975
59.655
41.6225
46.81
53.8275
67.755
53.0375
72.775
55.4325
55.79
47.0175
56.3925
48.325
89.1425
44.5875
45.9725
61.0975
25.8725
32.2725
47.7075
47.3575
48.1425
82.0825
67.79
41.785
64.245
40.81
77.3725
27.835
48.885
45.105
40.885
33.8525
56.45
37.8925
45.31
64.6925
50.6175
46.6675
78.9675
61.51
46.7975
64.075
64.7825
56.4425
48.625
41.3275
39.0325
44.8225
42.35
42.815
78.6125
42.1475
48.2675
54.6625
50.0275
65.5275
59.19
56.2075
69.5225
37.4575
77.7525
37.5825
47.055
56.7475
60.2375
56.365
65.845
47.67
76.5975
63.74
55.0275
54.395
68.4575
74.1075
31.0175
49.125
75.3225
37.4925
66.2375
73.8325
46.49
70.5325
49.8625
35.27
82.495
34.28
28.615
74.4425
53.82
80.315
60.1075
74.6
74.1475
34.2375
28.7825
79.96
39.9875
41.5075
53.13
62.2725
41.665
26.195
36.3675
60.2325
46.1875
60.0275
57.3675
31.82
39.38
71.865
45.74
64.4025
62.4675
50.585
50.7675
53.635
58.7025
69.6125
42.9275
63.8325
61.8375
63.3075
57.5575
76.1725
74.095
63.3275
73.175
61.225
56.4075
34.855
27.08
80.50375
50.57
48.7225
67.7675
48.8325
54.5175
69.395
45.3425
66.95
73.0975
71.74
43.4075
41.32
70.8575
61.2
49.7925
67.995
70.015
47.66
53.24
76.2525
66.415
30.85
48.71
26.9375
58.3825
33.8425
18.4675
46.33
38.945
39.6975
75.9925
66.1125
42.415
46.795
35.405
52.7575
83.175
72.5075
50.4775
51.87
76.48
64.415
68.2
37.27
53.835
85.845
53.4575
41.3675
62.3875
42.3975
36.57
64.1675
62.465
61.335
64.3875
66.6575
59.2125
26.005
28.155
55.155
51.0675
48.1925
53.33
48.395
66.7975
73.23
29.42
74.5575
33.625
65.0025
60.51
64.2675
41.25
50.4575
52.1
53.575
59.09
49.9325
64.1725
63.535
44.0075
56.6175
68.8075
37.0675
50.375
56.125
56.545
64.1125
47.0775
50.98
68.6
30.7
50.4875
54.235
27.9325
59.955
20.61
65.47
70.145
55.9
59.705
43.1975
43.865
68.3
49.42
48.42
67.155
46.0325
56.175
51.505
54.715
60.6525
55.14
69.175
24.7225
81.5625
56.9775
40.4775
48.245
53.2475
75.1775
77.5075
42.0975
43.38
50.3625
69.49
69.0725
55.1025
65.7175
44.145
45.97
62.395
36.6775
39.74
40.155
52.3025
69.23
51.73
40.1525
53.5925
71.715
43.535
37.7175
64.74
59.5025
71.2675
35.21
45.155
42.835
47.7525
36.09
33.34
47.335
47.55
43.245
63.5875
35.5225
58.6275
35.365
57.865
43.7325
52.5
44.3775
51.365
31.3325
67.6275
57.26
64.21
53.2975
53.94
69.4425
37.9025
43.5075
75.5075
42.645
52.0575
76.52
42.3825
78.6425
64.145
70.5725
50.645
73.565
76.8125
83.385
73.7
39.1775
41.165
66.5475
41.3475
42.3775
59.045
64.5675
74.69
43.995
54.555
40.3575
37.5275
70.415
44.525
66.6175
46.465
57.42
80.7
43.425
39.99
42.1425
28.555
78.5225
64.9325
51.345
78.46
38.8975
41.4125
64.96
67.8975
54.48
39.2075
56.5075
45.515
43.2275
38.4825
69.1775
61.5025
77.75
66.1325
66.08
53.9475
52.7375
38.6625
40.665
70.7525
51.55
60.955
49.22
41.41
61.085
38.535
48.2425
49.5
64.5975
52.755
59.055
29.1175
59.2375
87.7925
37.92
50.9875
51.4375
45.325
54.2975
34.805
80.595
32.855
58.4325
55.76
54.3625
48.3675
65.99
51.645
38.9575
42.65
77.6125
68.4725
65.79
47.7925
38.2625
56.3675
55.7
62.9125
39.615
70.06
62.7525
44.31
42.57
43.8675
44.8575
39.7225
59.8125
40.6075
31.31
55.1675
85.865
61.96
29.7825
51.72
67.4425
60.6275
60.4825
58.2
42.7125
66.685
65.03
64.565
56.75
71.4825
32.9625
38.6125
61.54
82.9275
64.465
39.4775
23.97
47.745
55.3025
78.605
51.325
43.6375
59.985
84.885
51.87
70.115
72.5525
67.405
81.8825
39.6375
87.21
57.7975
54.7125
57.4375
44.78
73.7125
37.6925
29.6725
35.1275
64.0725
59.44
39.8175
78.14
70.4575
33.0425
68.4
54.4725
75.3975
60.445
33.3
55.5925
50.915
66.71
67.215
77.5725
65.2425
46.755
38.54
53.1625
28.825
60.7325
67.4625
45.13
68.63
60.925
33.605
71.3875
66.4475
61.9625
75.52
77.6625
37.5875
73.3725
74.2075
61.4025
82.48
53.1075
44.79
43.1975
58.39
55.6525
33.31
77.13
66.03
44.8575
66.34
55.035
27.615
74.125
78.8725
48.4775
47.9825
57.255
43.3425
65.1525
57.52
69.15
83.675
61.6775
50.085
69.26
42.2575
46.5825
56.925
44.6875
41.04
54.83
37.3475
69.6175
36.5525
36.01
46.3725
64.6225
49.3325
59.7925
41.66
61.1175
79.06
64.6475
65.7175
41.5525
42.625
82.1125
69.395
40.715
46.9925
68.9075
75.9625
55.675
62.4825
81.37
56.58875
65.775
34.93
48.51
71.915
59.6175
48.8875
80.955
63.785
50.6675
62.93
53.4825
69.55
54.29
43.52
51.235
50.52
50.1975
67.875
61.0375
80.6625
77.055
58.595
78.61125
47.3925
42.4625
72.0925
49.17
39.425
51.74
41.9475
32.145
33.5275
75.21
19.5875
58.78
33.505
42.875
57.0375
59.24
29.9325
75.6075
77.81
67.2775
41.7825
38.82
80.3275
45.005
50.385
46.29
46.2975
64.1475
65.6425
46.9925
69.8625
47.2975
60.7475
67.41
47.315
34.91
70.915
55.5925
71.21
47.7475
45.755
34.2875
49.6
55.0925
71.2325
41.105
74.825
75.6525
61.45
82.575
60.48
32.4675
50.1575
67.78
60.305
62.5525
44.7325
57.22
52.345
58.95
58.82
52.67
67.07
56.0175
56.6625
52.585
60.56
24.8375
53.8925
32.4225
68.2
39.6075
50.885
71.6075
47.7575
74.6475
40.4825
57.59
81.37
39.465
68.3175
57.47
37.41
35.9775
36.6375
36.535
64.895
70.98
50.0225
63.0925
56.715
73.89
51.6225
63.105
64.0125
49.725
54.7225
58.5725
51.7825
30.7425
31.0425
62.6175
87.8875
69.9725
50.19
51.5725
83.31
44.3475
52.7375
29.545
63.955
45.94
63.6825
43.13
37.78
43.65
44.71
36.2625
55.635
60.3275
58.2825
70.1875
46.6225
67.5625
56.6825
58.9675
35.5575
44.06
74.99
76.68
53.62
63.91
64.0275
33.8725
67.37
56.5925
58.845
75.465
38.92
61.0675
48.215
34.1525
44.8925
76.9025
68.6325
54.6075
71.35
59.4925
53.8
59.6925
37.94
63.4775
42.9425
54.0175
51.1775
56.2925
54.23
60.0275
49.21
50.2375
60.1075
32.9625
70.9525
45.675
47.345
44.385
74.4425
72.3175
74.175
61.06
55.925
78.0275
51.895
50.1775
59.5775
69.11
75.5975
66.5375
38.67
44.885
45.575
56.0
65.6575
52.81
52.31
53.865
66.725
72.9475
58.275
65.2675
71.87
77.0425
82.1425
57.1175
69.9925
61.3225
74.4175
52.68
36.28
46.035
59.3875
79.5
66.8775
55.875
61.4075
40.9375
68.0275
56.955
56.7275
56.05
38.2375
30.285
44.3225
80.3625
40.4675
47.185
73.785
45.5325
71.235
62.76
43.2625
64.18
75.6175
48.6575
39.7825
78.7675
65.73
71.67
42.7825
41.7625
41.8625
59.8575
73.7725
42.3375
67.855
51.63
33.1075
71.4875
60.3
45.62
67.2275
62.9275
40.9525
47.6325
61.115
72.1825
47.915
21.045
42.1175
44.0275
33.02
75.9525
38.3775
43.485
69.265
64.42
53.5675
30.2125
53.4575
71.56
40.8725
62.6675
40.4425
45.2175
44.5325
50.1225
68.3625
17.115
65.12
44.81
62.815
38.01
56.3675
75.235
18.0825
52.235
55.825
65.52
40.505
67.3625
29.8425
71.645
65.95
76.56
68.6325
52.805
69.435
53.3775
39.765
36.44
36.3625
30.0
51.9075
49.0875
62.68
49.3125
55.7975
63.665
46.7325
76.8825
46.1875
24.085
49.35
43.9425
38.805
59.0975
47.71
56.01
54.47
67.13
46.7825
69.335
38.6875
60.755
69.675
55.04
77.13
42.1975
40.905
50.2925
67.9925
35.245
68.13
70.095
53.305
52.0975
47.3925
53.205
71.6825
45.365
54.07
29.305
48.895
50.115
53.96
63.5025
38.5225
44.425
44.5
41.4425
39.6375
51.6475
71.28
67.51
55.8675
44.285
56.855
52.58
43.675
65.8125
46.545
47.7775
39.08
49.3625
70.15
52.065
51.3825
35.515
72.27
71.4875
67.79
21.7525
53.7525
56.755
55.905
57.71
46.95
69.4175
88.8175
78.155
59.61
46.8525
56.3275
63.6275
48.0675
61.1075
47.6825
63.155
72.175
38.7575
40.9075
36.3325
28.1375
55.655
67.2575
62.4375
61.0475
61.7025
65.375
77.07
43.3875
58.595
74.085
30.41
42.24
51.5325
48.9125
51.71
36.16
65.22
40.8625
57.46
57.3375
57.2125
38.8225
32.495
45.73
60.935
60.2075
55.975
37.2975
51.9825
55.3625
49.8925
69.3075
81.2525
50.2275
40.2475
51.8075
74.2675
56.62
43.215
71.0875
44.68
65.5425
69.665
56.6525
79.355
80.965
63.9725
55.83291666666666
65.25
54.095
55.6425
52.45
57.2075
47.1225
54.0425
73.71
73.6125
63.1925
47.7425
63.98
55.9675
46.8075
40.5375
41.185
55.315
36.0425
68.0375
35.67
26.3425
49.895
35.3425
67.2525
68.8225
48.0475
63.595
59.0025
36.6
32.3275
54.1575
46.885
83.1625
63.4675
45.9325
42.3375
83.8325
37.3825
39.8975
45.32
51.595
53.0825
54.6175
74.7675
84.7775
65.83
46.06
62.6775
55.95
46.4775
70.825
59.02
66.0175
54.1225
61.055
61.815
44.8625
42.8
43.7225
81.6775
42.4025
58.2575
33.4825
59.39
75.51
63.8925
27.7275
73.9725
41.015
59.96
53.0125
62.7025
44.73
47.9075
26.5325
40.4025
43.205
73.73
56.0475
74.655
39.6325
68.34
65.0275
44.64
45.7175
48.7475
78.045
54.29
57.05
26.335
37.465
73.7375
34.49
50.09
42.215
40.7175
60.4475
86.08
59.06
55.8225
48.0125
41.79
28.21
50.825
48.4125
31.69
33.3375
67.94
69.79
60.0125
40.8625
56.545
52.865
69.4125
29.78
58.71
65.9675
73.67
48.9275
50.4325
40.79
57.7975
54.4725
62.525
68.685
61.0025
54.6
53.395
63.085
55.5925
62.1525
66.1325
56.19
55.495
71.325
48.56
59.0325
46.07
37.2725
48.935
48.485
41.035
57.35
55.925
53.275
79.315
50.975
64.5175
37.855
65.75
61.265
59.45
67.165
28.3975
35.98
31.1
76.035
40.8675
73.265
41.285
38.06
52.305
37.415
63.6925
54.09
90.7575
42.3175
44.455
55.97
77.2275
45.245
73.85
67.1575
53.1975
63.025
61.67
63.315
55.555
48.77
62.9675
91.7925
51.9275
48.27
68.7625
69.1775
56.465
50.1475
54.215
59.455
46.245
31.18
45.6875
47.58
22.39
42.605
54.0125
88.4375
47.75
50.89
47.1625
47.97
79.6975
62.015
47.9125
47.2375
58.9875
64.415
46.385
42.77
63.6125
61.0775
59.1925
32.4025
57.4075
53.545
64.525
59.17
74.695
77.97
66.365
45.45
44.96
58.4775
49.78
46.96
61.4875
50.375
65.985
62.99
42.2525
48.3125
68.825
68.6575
53.87
53.33
39.3325
58.3725
53.055
49.8175
44.8975
55.265
43.6225
45.3725
39.655
35.3225
44.07
48.3575
39.455
60.6575
48.995
52.1975
53.925
31.805
50.99
64.82
42.435
74.765
68.68
47.8925
37.4925
55.6975
60.64
70.93
69.215
47.5725
79.7775
61.2925
58.8475
53.28
44.945
60.6225
46.4075
64.84
69.24
65.0325
62.7225
41.2725
49.7
69.895
55.605
69.8975
71.795
74.89
58.485
73.8225
57.04
73.415
23.0225
44.84
83.005
54.695
43.7875
64.4125
64.3225
71.76
52.47
35.4625
41.1
41.385
59.2625
49.9225
31.1975
42.615
79.3925
64.87
43.7975
53.2575
49.67
68.2275
39.87
40.15
55.855
51.1125
68.6725
67.685
63.8275
65.6925
50.55
46.29
53.8125
63.005
59.4875
44.9075
65.32
56.9575
36.485
73.27
44.0875
43.595
33.35
75.335
51.7825
46.7675
65.6875
48.695
70.65
62.5425
73.605
35.2625
85.41
57.815
61.6225
54.82
40.42
42.645
60.8925
62.035
56.5275
76.0975
81.635
53.7225
58.2375
54.6375
58.845
38.905
40.2225
54.58
56.3825
42.4025
69.51
78.24
52.63
37.2775
64.62
62.8
48.5775
76.9525
58.4725
63.31
65.8575
70.2475
48.4475
53.695
65.5425
59.105
43.83
49.5875
38.865
61.255
55.0175
56.3675
33.58
66.47
50.0
38.2425
50.8375
48.86
53.615
46.0
52.8275
48.595
38.62
71.5275
44.6025
57.9825
41.09
36.03
31.8825
65.265
70.36
55.28
50.595
47.0
63.31
72.105
50.8975
51.7225
41.7125
86.965
65.0
45.725
70.3975
43.7875
58.1775
37.415
45.595
51.2125
46.215
50.5825
69.6925
55.69
58.3625
47.3975
44.105
76.44
65.375
60.685
73.21
70.475
39.4125
37.2075
52.67
51.4125
38.93
53.86
60.865
31.8825
42.6425
69.0075
57.1
45.3075
50.4925
63.02
70.3475
59.72
74.0275
33.2375
48.935
51.7975
45.88
78.575
77.7475
69.29
32.5925
60.57
68.995
86.4125
30.4825
57.5425
57.6625
71.9525
67.1225
69.355
75.4025
53.3525
74.975
53.6475
46.155
63.945
78.835
60.2175
62.08
55.655
67.865
47.14
47.565
51.5525
54.92
61.0375
63.63
54.9375
32.3925
60.3575
61.1825
58.8475
71.28
56.8225
50.605
33.0775
67.55
72.45
61.895
37.915
59.9025
57.8775
65.39
44.93
80.0925
73.5925
54.145
53.415
67.585
74.1725
60.04416666666667
56.6575
59.7425
60.7725
58.4925
45.12
55.6625
34.155
62.2875
65.4825
45.4525
71.6475
57.3575
36.5775
63.425
60.589166666666664
53.2825
66.7425
54.545
74.9925
50.8
55.55
22.8375
55.3375
66.155
50.1675
63.515
21.245
55.6375
36.4225
51.16
53.5875
36.2075
29.735
58.9675
62.9025
38.69
55.685
51.7525
42.3875
76.3625
43.8925
60.47
49.085
50.2225
50.045
22.6725
64.3675
70.65
68.0375
67.595
73.6025
63.9775
34.5475
69.995
79.7325
33.7775
62.1925
59.7375
51.8675
57.8875
71.855
61.585
40.55
47.66
42.115
42.4975
53.465
63.7075
53.3575
71.965
41.465
75.7
60.4775
44.78
61.035
45.5075
68.025
67.645
35.21
31.405
59.3725
46.325
68.6025
58.6625
63.4675
41.8675
58.1025
61.1925
35.9025
50.5925
41.585
63.29
42.4025
63.3075
60.12
64.0025
75.645
67.655
53.265
51.535
61.845
64.6725
70.1425
35.855
62.375
37.605
54.265
73.9575
23.1725
46.2725
70.1525
46.815
59.905
65.09
45.1625
50.5775
76.7975
38.025
65.3825
74.555
62.4725
69.4125
50.77
33.8275
91.95321428571428
48.545
64.7825
44.5125
76.3775
45.01
43.1275
39.76
68.98
26.465
33.195
36.76
48.565
73.5275
67.5825
70.8
73.3075
59.595
50.965
75.6325
36.1175
59.9725
63.915
55.5625
56.4275
60.125
70.2275
68.6825
75.0225
60.1775
82.1575
57.9975
51.24
36.7675
40.1
62.9675
59.2025
43.765
38.915
54.13
40.0475
39.9725
65.53
72.3225
50.7775
46.4325
52.635
67.8775
65.705
67.3925
69.96
58.7675
52.495
73.4775
75.4975
22.9125
44.365
54.2025
69.115
70.0975
40.6325
34.4025
63.8025
59.465
42.9225
59.67
67.3025
70.77
54.2375
38.4675
67.8375
57.1575
48.27
65.7925
73.195
39.8975
59.5325
28.8225
44.5575
43.225
26.8275
45.135
44.8875
78.01
51.85
76.4225
46.6
62.3125
81.1925
58.4375
48.37
54.245
50.5575
63.635
34.5625
60.44
54.0625
50.62
58.935
51.5675
35.9425
60.2275
55.4825
52.345
47.8775
55.97
51.945
45.725
61.6825
72.875
60.2525
45.0775
66.5525
57.915
47.555
58.35
67.23
77.0175
59.685
46.14
47.245
38.8875
70.4
49.6825
45.2525
52.525
54.61
69.1225
46.18
63.23
65.74
61.625
61.0375
73.3925
42.6875
43.8975
34.5775
55.6125
72.6075
57.1575
34.5525
65.315
55.5625
44.44
73.085
67.5325
51.39
66.525
73.59
56.2425
40.13
34.1075
49.7175
65.68
61.335
78.79
69.4825
38.8475
59.4225
45.3225
49.9575
50.4275
49.04
64.13
68.8925
77.0475
52.085
79.515
84.4175
59.645
20.9775
45.4975
56.41
45.8825
65.1775
71.605
32.285
38.6825
80.735
44.705
84.99
78.39
41.6325
71.275
57.6075
47.39
41.295
63.8925
37.8
68.9275
53.0375
38.64
60.8875
35.695
66.41
43.4975
50.835
51.9225
78.9525
52.2
42.945
44.795
64.0075
43.19
80.315
48.54
65.0275
66.875
64.3175
55.9875
64.425
48.1275
77.5975
48.2125
60.58
59.2575
62.27
35.87
76.84
67.67
37.91
65.2475
79.2225
36.335
33.9125
48.1275
70.2325
68.255
46.7675
73.11
42.3225
37.9075
42.695
59.49
63.425
59.9275
36.9225
52.2475
68.855
45.3975
61.89
43.815
63.475
65.9525
93.355
52.28
38.8475
70.49
49.55
53.775
58.1475
70.5775
87.0075
77.6925
67.2275
52.0225
29.8375
52.9075
39.845
58.0925
67.535
38.89
58.9825
63.075
60.0775
51.56041666666666
55.18
42.1325
70.83
63.125
11.2725
55.3475
68.4175
62.355
63.285
58.075
50.515
51.795
64.555
39.675
47.73
67.9075
58.5625
69.25
57.325
55.14
46.31
59.88
66.785
69.235
56.7375
42.35
41.2
83.175
60.0075
50.26
40.845
53.55
62.365
39.645
53.615
57.05
78.21
54.5
42.3425
43.785
48.1375
66.51
65.86
53.8125
50.635
61.915
33.8375
59.215
78.7675
54.7975
42.0925
60.51
54.1975
68.9825
80.39
61.5825
40.28
72.3575
45.775
35.02
64.36
59.72
31.5375
71.8625
55.7425
62.185
77.83
45.5225
39.8375
69.335
62.59
62.0225
62.5625
70.7725
39.6975
75.18
48.31
56.26
70.1825
42.7975
64.76
47.46
37.385
44.4525
70.4925
35.38
74.58
34.075
59.73
80.4025
75.605
60.505
47.5975
48.8975
70.5675
73.6775
60.3575
46.9475
43.0125
81.4375
48.4525
36.09
31.1325
51.1525
59.48
55.8625
43.5275
30.87
46.78
57.945
70.0575
61.855
51.6975
50.4025
64.5575
39.5775
51.8975
65.75
56.615
50.96
62.5075
41.89
56.55166666666666
56.0575
76.3575
35.765
67.9275
66.3125
34.7925
42.7275
45.1375
50.485
50.19
39.9475
47.7725
65.825
64.7025
40.9975
54.76
52.54
73.0125
32.5425
42.6375
64.4525
73.505
44.845
42.8825
72.0525
53.0275
47.9275
50.81
65.5525
49.6775
42.57
64.775
24.29
66.42
57.7275
35.6525
49.635
84.265
65.2775
55.4975
68.015
39.765
74.265
80.2725
41.31
65.4375
53.3325
48.1125
77.1325
81.9325
51.28
54.8525
38.4725
55.04
45.745
30.17
56.0575
35.375
61.695
42.855
69.2075
46.425
28.265
38.54
28.595
79.920625
43.27
49.65
51.2275
67.4
40.665
41.0525
60.0525
63.0175
65.79
50.1775
40.6525
45.33
44.08
44.555
54.6975
52.8025
74.2725
51.275
66.5325
39.27
50.06
46.025
22.545
70.5675
38.3975
81.185
38.51
48.675
42.3625
60.3575
31.2875
29.4625
62.3475
70.2125
58.3225
26.0325
45.515
41.2925
48.485
42.4475
43.9075
52.7125
71.855
36.06
43.365
41.2
63.2475
52.6175
51.7275
52.71
53.86
62.7025
69.9925
56.9425
56.4275
31.76
86.3525
58.62
63.1625
49.305
39.465
52.355
58.71
56.4075
26.375
27.2875
67.77
73.465
42.93
50.14
68.96
39.065
52.955
48.25
63.935
53.66
62.3425
37.57
47.0675
60.795
66.245
42.5525
86.7625
63.9175
26.37
73.99
26.755
42.1475
50.415
43.7175
79.45
81.0675
81.88
62.425
60.18
44.1375
48.2175
65.7325
49.8875
61.785
62.3625
51.5375
42.6175
40.935
73.355
67.9375
54.295
66.6325
49.0175
50.8175
51.0925
56.6575
79.69
63.4925
61.585
44.7125
51.4
47.6525
66.2175
65.91
62.765
63.94
60.3925
65.955
16.3625
65.7475
34.415
62.0625
33.615
35.9975
41.4575
59.2925
75.825
45.875
43.9125
75.4275
53.0525
47.2825
50.8475
44.4275
74.7625
53.36
55.985
60.345
56.1725
51.51
58.0575
79.775
59.3925
40.82
57.86
60.78
41.88
46.3175
51.9075
58.13
40.3025
48.67
51.545
66.2925
68.3425
62.5775
48.885
61.255
43.9975
65.96
69.205
32.02
69.8325
57.6775
63.68
50.9575
69.0425
46.665
69.1375
69.8625
45.965
37.105
70.86
37.705
56.8175
54.69
57.995
73.345
52.0175
29.745
61.4975
62.6625
49.41
53.1875
36.17
70.2575
65.0725
59.8925
17.7325
38.1725
46.4375
66.0175
57.6225
60.6125
36.02
63.715
49.2175
69.92
49.1375
48.995
46.4525
42.0975
77.015
72.6725
64.2025
59.2675
46.54
60.5875
73.385
54.5825
61.52
35.63
42.0825
72.0775
49.0425
71.5925
68.1575
76.8425
51.795
43.5575
50.49
84.6225
51.16
61.425
63.995
48.635
36.5825
88.545
66.8825
40.3075
38.5125
49.0075
32.915
64.8125
54.4425
87.885
71.8775
80.0175
65.2375
62.1625
72.4825
51.465
54.97
48.65
55.6625
55.18
44.865
48.01
60.47
42.645
69.6725
70.86
47.91
55.2475
39.1675
33.0225
62.685
61.865
62.23
63.9575
47.86
56.2425
71.4925
61.155
54.8625
68.675
78.5675
48.8125
41.3325
55.0925
47.4475
57.905
40.575
61.9625
71.8325
79.3725
59.9225
74.035
55.11
39.4125
34.5875
65.3575
43.9825
57.415
54.065
63.4375
41.8625
76.0175
58.86
37.725
51.1225
41.9875
69.2225
78.1
68.49
35.8325
58.6675
58.875
55.685
69.64
47.955
62.6275
52.8625
62.7025
53.455
53.3375
61.5225
35.675
41.195
35.1325
69.33
47.295
58.77
42.4275
63.095
33.68
45.305
51.7775
50.535
66.2175
47.71
39.125
47.2325
62.355
32.3225
67.68
27.5175
69.06
24.79
56.7675
54.6775
50.6425
50.4475
64.63
47.34
47.45
49.7875
70.9825
49.81
73.875
33.115
52.5575
59.425
49.075
39.2075
51.4525
61.855
49.4925
53.345
59.06
66.9075
65.1225
71.5475
67.17
56.5875
64.59
43.855
51.5725
67.4875
78.5325
45.9875
58.5175
45.7725
33.23
54.1325
78.0025
49.1
64.69
53.7625
67.0575
51.93
42.1425
84.4675
53.665
78.6525
51.2225
55.8525
46.97
56.9425
64.27
32.5325
82.2025
58.7775
77.0375
50.5675
26.5525
45.845
43.5275
52.0175
42.6175
75.4875
35.245
45.6075
53.985
73.63
37.43
62.385
60.5425
54.1625
74.465
67.175
72.1125
50.535
49.195
43.935
59.2275
46.8375
80.735
55.9975
59.4875
55.1675
52.535
68.7425
99.535
53.0275
44.135
71.15
36.11
49.4825
62.8575
35.915
68.0
55.1375
46.4025
25.9575
50.725
58.045
59.2775
46.1775
56.5275
58.2775
48.945
28.78
45.275
55.0375
46.2775
73.1675
31.220625
49.25
57.1275
42.5325
57.78
70.315
63.88
43.9275
70.875
20.285
55.8275
67.3225
54.8475
77.9975
52.69
66.3375
31.485
50.1025
51.3775
31.965
63.135
50.44
44.305
44.7225
67.19
45.6225
49.915
50.0525
47.86
47.5775
64.7375
56.2
37.52
56.8825
67.8575
34.795
31.3475
57.28
77.2225
69.7725
39.8575
68.75
56.4325
57.1875
54.81
37.0925
33.8225
48.6075
64.6775
54.5325
39.9125
52.4675
60.13
58.2925
51.6525
74.525
56.195
61.6325
41.8875
63.86
76.81
75.23
52.885
47.0475
36.3925
74.57
44.26
52.7875
37.5625
55.1825
40.5175
75.0825
48.075
56.4275
66.285
45.5575
52.3675
54.1775
65.0225
28.1575
74.35
61.0725
24.425
49.34
46.0425
45.9725
50.005
84.63
70.09
45.18
73.9625
64.2525
29.5425
26.255
64.615
45.3425
43.9475
55.5325
76.7925
67.53
68.4625
73.41
43.2125
47.1425
65.6625
49.145
63.0625
67.4475
36.335
76.935
37.4325
56.195
50.425
39.0525
74.615
56.9125
67.2325
36.74
38.47
45.18
44.4625
32.2425
64.3475
55.46
38.295
54.91
24.8
39.6975
27.455
48.735
60.6625
77.08
55.9475
31.525
39.21
49.4125
74.225
47.3975
49.5675
58.5675
70.1025
41.7075
56.0625
55.06
65.8125
35.8575
63.2875
67.205
52.265
55.815
37.68
29.9175
53.175
51.9325
48.8275
49.61
45.18
63.5075
49.6075
57.095
37.82
46.0175
72.84
53.66
36.1575
64.72
44.405
54.4975
66.2
64.97
34.0525
75.5
65.6325
72.1975
46.77
49.09
53.4475
50.78
50.125
41.13
59.3025
42.0125
72.7375
68.6325
49.565
66.2625
77.405
53.76
59.545
65.235
65.105
60.73
79.49
33.965
50.24
50.135
62.5225
31.44
59.59
44.1375
85.62
54.69
59.3325
33.645
48.365
60.1825
56.24
29.2225
69.63
56.9975
39.1375
53.5475
69.7525
57.12
40.7275
68.7075
37.59
58.21
72.4425
53.0
60.2475
32.1575
46.5025
48.2375
56.5125
52.2225
24.8
74.295
47.0425
60.5625
71.315
57.3425
40.78
55.8375
40.3975
38.15
50.7
38.9675
56.8675
35.04
57.0225
50.1175
50.075
70.68
32.105
80.075
56.055
44.2775
39.13
52.4125
38.2075
43.79
51.97
48.3175
67.265
65.69
62.635
73.21
58.205
58.38
58.0425
66.52
76.1225
64.0425
40.9925
86.5175
53.705
57.795
41.0525
67.08
32.8275
51.5925
71.2525
58.875
78.3125
58.805
66.325
50.095
42.2075
75.6925
43.655
45.295
61.97
40.9225
56.695
69.1275
45.2175
69.6525
69.03
46.7675
44.905
45.8975
65.8575
52.0425
79.5325
39.13
80.7925
56.145
45.7275
72.38
82.375
42.2675
63.9975
82.4725
78.625
43.7625
46.085
68.7425
51.3075
65.0725
30.225
72.3125
56.5225
42.23
58.5
81.185
49.555
67.245
69.185
80.69
74.6125
42.9675
54.135
52.26
59.16
53.25
40.5275
60.6475
54.5175
64.2125
48.73
45.7175
40.1925
62.58
37.305
76.5475
58.4425
61.5975
38.9975
73.4775
60.025
45.2925
52.7125
39.6525
76.6475
42.505
60.2325
50.47
50.13
67.52
57.1775
47.6
51.62
52.3125
51.555
59.8625
39.49
37.495
36.34
50.465
57.145
55.3825
68.19
58.76
64.4975
78.785
33.0925
79.155
44.5325
58.9375
63.1675
44.46
73.1325
68.555
48.335
62.975
39.645
75.5875
36.1375
50.795
49.3575
54.715
42.065
74.9425
53.1175
63.655
52.375
56.645
66.1075
44.5075
51.37
41.8875
94.08
73.315
45.835
59.6075
33.16
70.9
38.9925
58.4525
36.975
78.075
27.3525
45.8225
63.875
59.8125
46.7225
39.1425
44.19
45.7575
41.395
56.6925
41.1325
32.51
36.0775
49.1175
78.06916666666667
68.3425
69.0725
43.88666666666667
54.3175
55.02
51.45
95.2025
46.4725
76.1825
68.8625
42.9975
43.9225
39.61
58.2175
75.37
53.065
62.185
55.81
56.45
78.1
50.1
67.335
63.2425
39.1425
25.4025
37.4025
71.005
44.23666666666667
61.4625
54.6525
68.15
33.0625
64.4325
74.1625
44.96
52.6675
51.455
32.11
34.65
53.345
48.1225
52.605
48.4875
61.35
61.3975
51.175
72.2075
58.1075
57.0475
54.8975
47.605
55.24
56.8575
32.675
42.785
71.5175
48.66
55.3775
67.3725
74.0475
69.34
69.745
68.085
45.9725
45.3025
55.975
48.845
58.425
55.86
66.5475
34.39
61.9625
44.1375
68.5125
69.1
68.17
71.1
63.9475
60.09
30.2025
67.0675
43.275
74.9375
39.3125
33.955
54.56
55.5525
57.195
43.15
80.095
53.7025
76.5675
69.0625
32.785
58.3875
63.85
77.1025
75.005
55.205
44.0625
52.8275
52.0275
45.6625
64.1925
52.36
33.295
12.6425
16.555
36.8225
49.2175
73.985
49.8275
73.775
41.1325
37.435
59.1075
64.26
61.7475
60.4475
67.03
44.4025
44.6725
84.83
68.5625
37.405
44.84
44.91
61.27
66.6275
53.3975
32.67
36.945
50.875
42.4725
47.3325
67.875
53.3725
36.965
66.4175
76.7675
49.9675
54.6725
44.5675
43.44
52.1775
64.85
67.0125
57.8575
16.65
30.1375
51.55
68.45
37.615
46.35
44.505
67.975
51.8325
55.165
57.19
40.96
49.78
45.3375
31.4075
51.33
59.9275
35.38
49.715
54.145
44.5925
61.405
69.965
36.995
50.25
76.725
32.985
82.0525
59.6975
62.9
68.0825
52.9025
54.2225
72.5125
68.335
69.8975
23.2175
66.6175
49.1125
49.24
65.2325
75.665
44.235
40.44
70.215
59.1475
59.7825
60.8825
27.765
58.5175
74.235
49.1175
45.5775
54.955
32.23
46.66
78.35
50.28
57.7975
52.325
46.58
63.9125
57.135
33.535
66.7625
55.7925
58.8375
42.645
52.1525
35.4325
56.635
69.1375
36.4875
46.6025
51.9775
69.8425
65.815
55.4325
51.545
49.1175
43.195
64.5175
70.9225
44.4375
47.6225
40.515
77.47
55.4025
51.02
56.175
40.6625
59.1575
58.9575
56.87
53.5125
82.2125
53.1375
59.4
57.8875
50.32
45.62
59.8775
47.6075
48.135
63.8875
54.135
51.715
60.495
41.94
48.915
37.185
58.425
68.875
44.1325
30.275
54.72
65.265
29.89
66.6225
51.79
69.9975
30.555
74.0575
56.355
26.7325
66.6925
52.7075
70.0925
53.42
39.855
66.58
75.2075
66.4625
46.4225
37.7375
51.4
57.5575
67.1075
42.5925
47.7675
52.34
67.2725
40.02
44.0325
67.1525
72.1825
70.48
41.75
50.8125
56.245
67.2525
45.33
51.635
67.285
55.5775
58.1875
40.215
46.725
39.1925
53.5725
54.855
69.74
31.3375
78.5775
47.3725
60.9625
75.6425
35.6175
78.955
76.14
52.9125
46.935
44.885
70.435
65.86
48.2325
70.3875
67.9825
62.435
42.1475
72.3425
65.4375
55.7725
57.2525
71.05
26.2625
62.95
50.135
79.455
56.8925
63.85
54.83
78.775
47.22
40.3225
64.595
33.075
56.9425
48.4875
75.69
42.5525
60.99
62.0325
48.1375
41.615
52.33
50.045
68.86
34.6075
54.935
55.045
75.1375
69.0
66.2675
59.2675
33.5025
36.9075
73.095
37.2975
44.2
48.5075
58.7475
30.2275
39.54
54.9625
73.22
55.1775
67.2125
35.8125
58.7225
47.995
66.525
58.0225
34.0525
36.6125
69.2675
48.175
67.2925
68.2075
55.74
41.7375
31.4525
68.6425
50.12
59.5
72.8375
94.9775
55.7425
70.565
48.6625
46.9075
60.85
29.3025
63.4575
74.685
34.6025
42.0375
41.8625
67.7425
48.2975
38.7125
39.275
76.505
51.4675
59.2575
58.3975
36.1325
55.2825
62.1675
42.5225
81.035
64.27
59.2025
48.17
68.4775
38.32
47.92
58.64
57.4525
72.07
30.8625
68.925
51.9375
52.5475
39.9025
45.685
76.3125
60.32
56.34
49.5425
52.015
55.575
39.68
54.4975
54.11
81.1775
79.3975
54.7725
68.4675
48.18
51.03
62.26
25.395
62.6375
45.2125
81.345
40.4925
46.9325
64.78
71.2775
29.3275
71.3775
55.8025
53.23
45.2225
54.19
56.8725
50.4625
65.6925
33.0575
66.1075
63.76
60.3875
73.89
38.115
57.4775
52.2475
35.955
56.9625
76.495
56.22
55.6125
62.5725
67.42
49.8925
53.4175
69.37
33.6575
71.1125
61.4025
47.8775
46.1575
41.2775
52.1475
39.315
67.7125
62.9425
69.625
58.185
59.6975
64.21
37.4425
28.1375
69.735
50.015
47.01
61.5525
43.3575
61.04
65.82
29.65
55.08
43.4575
48.8875
77.58
53.07
68.24
60.87
35.7075
45.13
49.2675
49.085
66.1125
55.94
24.5925
82.5725
56.9475
64.6775
62.9225
44.13
72.035
48.0675
34.7125
51.245
59.4275
57.2175
49.03
78.17
26.935
64.6975
57.1075
76.16
59.325
23.6925
72.9825
74.2
80.97
45.76
48.4775
74.0525
71.33
46.925
36.1
27.7825
60.83
71.7025
53.3425
54.46
51.315
66.7275
59.235
33.6575
64.915
60.435
62.7675
52.2175
33.0
75.8425
72.3425
36.18
23.125
57.945
53.8975
38.595
58.8775
58.1125
65.89
72.295
42.635
64.1875
72.21
78.675
56.2825
38.69
45.08
62.4875
53.5625
46.9625
38.9725
70.1625
31.37
39.735
51.7525
55.865
45.6325
60.3375
59.22
42.0175
37.3775
73.255
56.16
58.1125
48.6075
61.2175
59.32
46.6475
47.72
52.2625
74.2375
55.86
49.005
44.035
52.995
66.635
56.505
54.25
57.77
51.66
39.905
55.0775
62.075
44.8825
26.6225
59.46
38.9075
52.8625
78.8275
63.4475
56.385
49.115
41.655
59.7475
86.6075
55.3725
57.705
44.1175
57.9725
46.5275
51.345
66.01
71.265
46.3575
68.8925
18.35
80.66
64.755
36.0825
48.865
59.285
81.955
59.0075
66.34
41.1025
59.12
75.5775
56.0
68.58
48.4975
71.8575
67.2775
74.205
68.2025
43.9825
68.0825
41.135
53.2675
44.075
46.5675
55.8975
63.79
40.2975
37.4225
70.2975
62.9775
46.0875
48.225
48.575
50.0125
48.895
68.2425
66.3325
78.89
73.7725
61.9625
82.93
40.7625
58.31
71.7775
73.1175
61.7625
69.1475
64.185
53.155
68.9875
70.655
67.2475
33.43
60.2575
80.5675
55.48
67.015
66.3725
62.365
59.0675
70.73
54.9225
39.805
42.24
47.6525
71.1625
50.985
62.2225
63.59
54.2925
49.6
59.3825
55.46
65.8525
50.7125
52.16
64.3725
63.75
47.9925
58.74
48.4275
40.68
25.8625
59.4875
49.33
57.7875
56.2725
84.15
68.1675
78.95
39.9025
66.6025
39.61
41.8025
77.82
77.29
56.1725
34.4925
65.4675
49.415
73.5225
55.8975
53.095
74.39
65.125
60.2775
71.8875
59.4325
54.745
48.545
71.5275
65.6725
52.5525
71.1025
68.435
60.665
67.1525
68.3475
41.425
50.1925
75.9275
22.15
63.2875
70.4125
57.8975
70.82
43.1325
29.0125
76.8025
51.085
25.0825
80.7825
71.815
30.16
44.44
30.985
45.1475
57.9025
58.58
41.035
44.88
65.4525
53.96
52.41
65.43
45.9225
45.265
65.6025
77.9575
35.575
51.8725
50.8275
50.9225
36.065
55.495
50.9525
46.185
53.625
59.92
37.8875
62.74
59.015
61.6225
76.01
42.6525
71.13
59.55
56.72
33.2625
35.8325
45.2225
51.7975
67.6225
41.8625
69.2
51.68
69.4475
76.59899999999999
42.46
38.53
46.48
65.71
57.9625
70.77375
53.6975
46.1575
60.3625
47.5125
66.0825
60.4175
71.91
46.0
39.9525
56.67
65.1325
48.99
83.925
52.6575
47.0375
48.16
47.06
47.5325
46.075
35.69
58.15
57.6925
53.7975
68.825
71.97
43.4525
41.3175
68.94
61.0175
47.0475
57.5325
63.375
41.22
65.5175
72.755
71.6125
42.6275
68.2775
74.5875
44.4675
75.3575
71.92
60.575
50.675
44.1525
72.0525
52.5075
48.2
45.6925
26.925
63.4925
64.6175
56.9025
51.8175
46.37
65.97
65.1075
63.2175
67.6525
36.1775
62.955
65.73
40.9775
51.1875
49.3475
31.045
46.71
47.2525
80.85
72.48
63.5725
69.3675
46.8375
42.955
50.9425
39.335
63.0725
62.22
54.655
50.155
51.76
78.5075
68.5
81.8225
52.055
34.3425
71.16
42.465
53.905
66.545
66.8825
49.495
61.485
28.95
76.3225
55.2525
58.6175
75.21
40.4175
45.4425
55.515
55.9825
59.6825
60.805
61.4625
42.26
44.64
48.6675
36.82
60.3725
41.0875
70.8325
58.7175
78.125
48.02
66.935
67.5325
51.06
64.12
54.91
66.095
30.3425
43.245
37.8625
27.91
54.2025
61.9325
34.9825
48.56
67.47
41.455
39.8475
50.5125
73.0375
71.9575
56.295
61.7675
46.185
77.455
71.84
44.3375
62.66
43.94
60.26
33.115
68.9975
56.02
80.12
71.3025
44.3825
91.775
76.2275
48.28
51.8025
45.185
56.905
44.435
69.9775
63.2225
63.55
55.4425
68.0725
50.635
75.8375
46.7825
46.6225
83.56
51.865
80.33
68.475
36.325
52.985
56.9675
61.7525
53.0125
39.2925
61.0575
50.6075
41.3325
58.82
63.825
57.7025
25.335
66.4375
62.52
54.675
34.8425
38.275
60.205
59.035
76.005
32.5525
56.6975
65.0625
33.7525
64.6575
65.0125
81.795
55.675
70.41
67.5525
46.7375
71.7525
42.385
43.53
50.4125
67.38
61.3875
21.3325
29.38
41.3825
53.9075
51.0775
60.595
70.085
66.6625
50.7575
52.5775
37.965
59.1625
51.3
46.9325
43.1725
45.89
44.9925
41.65
64.3425
73.735
75.3925
44.5325
55.7425
44.1775
57.9725
36.7425
59.3825
76.96
74.7475
38.975
54.1925
30.025
60.25
67.53
78.8775
38.105
61.7075
70.9425
59.0225
72.755
52.0575
58.365
46.4975
54.1775
50.9725
68.8275
34.185
51.225
47.245
59.6425
43.7975
46.9675
67.8425
41.3925
39.7675
50.7475
64.1625
67.1
70.13
52.5325
78.395
74.0725
70.02
71.4925
53.8925
47.965
58.0525
60.665
56.2075
71.7725
73.19
37.3225
51.3475
58.85
48.425
70.63
63.5625
41.0825
74.2475
43.7025
55.6
49.6275
60.4875
48.275
53.13
48.9125
33.745
53.945
71.6575
53.2175
66.56
60.5625
34.2225
41.23
51.4825
32.1475
43.700625
54.105
74.0425
64.89
43.995
68.7375
40.2675
70.7825
59.9225
62.325
41.8
59.2575
41.6675
53.7975
56.88
27.6675
45.5075
53.805
53.4725
70.675
51.355
69.2425
68.8875
52.2325
79.51
45.93
56.9725
53.5725
74.1225
58.42
53.3525
62.7475
58.3925
35.5775
55.3575
64.7
65.9975
31.855
55.7625
58.8575
52.455
66.26
67.34
46.1425
64.0425
58.825
63.955
66.97
47.945
31.64
59.3575
68.825
33.98
38.8825
55.305
77.39
45.39
41.6925
43.845
43.24
34.6025
26.845
35.8775
32.4375
54.3475
54.6075
51.1
50.4625
39.9925
78.985
60.825
42.8725
73.5
60.7775
64.9225
52.4975
51.0575
43.3725
33.995
51.4575
59.215
80.91
42.3475
54.625
46.7575
64.405
51.145
51.1625
75.64
69.74
64.11
47.3575
53.1
67.755
55.7125
58.555
46.3675
67.945
68.13
58.2975
52.2775
69.5275
72.3425
43.7975
36.1825
45.6075
60.27
69.0675
54.885
62.355
50.0775
46.23
35.0875
38.28
67.3875
52.2775
48.355
45.2775
27.935
57.6075
46.1175
47.495
67.8
63.655
71.1675
43.6975
67.02
45.52
48.955
36.495
35.4025
31.4725
44.14
49.04
33.2975
60.3925
46.105
42.0775
65.16
67.295
46.625
54.9675
66.5575
50.55
49.84
62.08
50.85125
33.8925
46.58
60.9875
65.97
43.235
39.195
74.405
56.0125
49.395
44.1825
48.0425
70.3375
22.48
46.6175
63.705
71.415
54.1325
69.0975
45.0975
62.6275
38.7475
39.855
46.4525
42.1425
59.9925
33.71
60.825
50.1375
72.715
43.42
39.5775
65.41
42.5075
62.585
64.3975
60.8875
45.5775
48.55
37.84
68.2775
74.235
59.8375
41.5675
62.98
54.3525
62.0475
52.6225
55.685
33.815
44.9
42.8175
27.5975
67.8575
42.0325
47.765
64.68
32.4425
68.755
28.715
59.725
66.3375
35.4775
32.3075
45.2275
62.2725
72.3275
43.73
41.6175
77.125
38.87
55.465
51.9675
61.325
71.875
51.695
63.2875
71.455
10.9775
45.4075
41.7825
54.715
44.105
65.23
58.155
51.2225
52.92
46.225
46.07
52.4975
58.925
81.555
58.0875
34.1875
51.135
50.9225
41.4775
43.255
42.86
78.89
50.4
84.5875
40.5325
76.88
54.69
34.1275
53.4825
83.83
61.2475
66.3275
67.69
67.2825
63.6325
51.3075
56.3425
68.1675
43.465
56.2775
52.0025
35.9525
50.9875
39.9775
70.7875
46.7475
44.5975
50.72
40.43
67.49
50.3775
68.19
47.3
39.2875
57.8525
50.4825
59.5575
46.82
32.1025
56.445
40.3075
64.5125
55.95
37.8375
71.53
40.805
73.525
38.9075
54.15
68.0975
77.0925
60.93
73.565
54.51
62.085
47.1025
69.1675
46.95
63.3175
61.705
67.2475
46.81
71.23
62.54
63.3075
45.86
55.3325
31.3525
66.6475
64.1725
67.3075
74.765
49.9375
60.4775
58.84
69.22
66.4425
70.795
72.9075
60.61
50.52
60.62
46.04
52.4625
69.6975
57.3275
63.1575
74.7125
71.62
71.92
62.69
70.5575
39.895
33.235
43.055
49.795
45.9475
49.055
70.725
39.455
64.195
60.47
41.495
45.91
56.3325
61.3575
55.3775
32.42
30.0425
32.32
51.145
69.7825
26.6175
80.6775
29.47
67.96
36.235
67.0725
50.9
52.3975
59.2725
50.2425
37.3825
42.16
45.25
58.645
40.1575
45.5175
65.8525
77.155
48.76
59.815
54.005
49.8825
62.3925
62.9125
52.9325
40.505
50.74
52.15
52.6675
58.5325
32.0725
66.41
61.61
76.3275
77.605
74.32
40.915
89.605
32.19
36.9675
72.2675
26.4625
60.4425
71.1225
66.3725
38.185
77.09
56.215
84.4175
41.385
52.035
40.45
38.2725
46.34
38.6475
65.1
62.7075
53.7075
31.675
33.765
35.9275
54.335
74.29
66.315
67.095
45.055
52.9775
71.03
51.645
41.825
59.085
44.765
55.855
53.3225
39.455
51.6675
66.4325
66.1025
56.81
41.53
46.4825
59.5275
77.7
74.3375
73.8775
35.41
39.6
49.08
82.4825
82.9625
42.47
69.2975
35.5225
76.995
63.015
30.98
51.425
65.7725
50.41
79.495
57.835
61.625
35.225
57.0325
61.965
43.24
70.4375
43.805
72.1425
83.3025
64.8825
50.11
57.9575
28.1425
45.655
53.5775
74.3075
48.825
30.7625
41.5325
56.7625
46.2475
77.7525
46.7725
48.4025
41.7825
74.8775
46.5575
83.8825
38.45
42.54
55.2575
47.9275
55.1675
49.4275
71.6025
60.555
39.65
45.2775
55.65
29.4225
59.865
38.2525
64.2875
59.7825
78.1525
31.0875
41.065
64.025
51.8025
60.2425
65.3225
39.5
46.1025
49.7125
24.78
70.0375
62.8775
76.635
41.7575
67.8175
84.435
37.5175
67.8275
48.275
56.8575
41.6825
60.02
57.825
55.2125
62.62
58.325
44.8075
61.0675
60.3825
39.9425
49.2275
50.7675
60.9875
51.79
66.735
64.535
46.2475
68.2275
49.2825
65.79
53.88
62.045
37.2825
62.5975
36.015
66.825
45.0775
58.2475
66.2925
57.1925
78.055
55.5475
60.9475
62.28
62.6075
54.4925
57.3475
63.6175
44.665
51.4875
42.025
41.4075
73.8675
57.7625
44.2775
63.6
60.415
61.49
51.9775
53.47
61.2175
31.2325
59.8575
55.275
53.025
79.25
46.48
47.44
61.0075
41.255
38.615
51.065
73.755
54.205
58.6775
67.465
51.465
84.8675
49.3275
46.0575
69.365
38.8675
58.4675
55.4575
59.38
59.185
55.48
81.05
57.6425
74.3275
81.9025
73.0725
76.825
75.465
49.135
60.5975
31.89
67.4
63.645
62.55
63.985
74.845
66.0925
47.315
59.03
68.5875
87.3725
72.065
65.1625
53.46
65.4575
62.1775
49.9875
48.025
64.945
56.7025
30.405
48.925
71.5525
55.21
38.7325
49.06
61.7025
65.1775
39.3275
58.8
59.7575
43.0275
64.1275
54.82
49.2375
43.1725
60.5975
36.42
63.77
37.1675
44.04
81.6
61.595
37.135
54.4925
54.0425
63.42
59.4175
56.59
81.46
74.4625
55.405
66.8375
40.245
56.6725
47.3425
61.5975
54.995
70.1925
61.2875
48.4525
60.97
52.395
55.33
41.08
63.0025
40.6525
73.7
68.7825
30.935
45.595
62.0075
46.6175
77.49
56.625
55.795
42.4525
49.1675
57.41
40.545
41.34
25.7175
35.89
57.135
57.26
73.4675
56.11
66.9075
45.875
75.065
53.9725
73.7175
49.4325
52.1125
60.34
34.78
47.5625
68.7125
63.1425
65.5205
77.055
64.0875
60.745
48.7725
40.155
72.3825
40.155
60.865
68.95
54.59
80.485
55.8775
63.5425
83.65
46.335
65.91
76.7
77.6825
37.4925
31.395
47.835
64.9325
57.295
29.1425
51.23
41.3025
78.7275
55.605
54.095
50.8775
63.3575
56.665
40.4875
64.735
43.98
74.4075
51.8
58.7925
26.4875
58.1625
62.68
44.4
68.6075
55.625
65.4175
62.4725
55.85
46.0175
73.5275
53.335
49.995
29.0775
80.675
70.6175
67.3225
70.0
46.115
68.8525
43.4175
68.8325
68.19
74.315
55.3075
63.945
66.0625
72.4125
45.58
62.465
70.5125
67.36
39.375
86.4425
51.635
50.25
68.305
57.0575
62.105
73.545
43.405
66.9575
57.045
64.75
79.7775
78.3975
59.555
53.12
27.08
35.9575
48.75
79.09
79.9075
31.1375
33.27
41.8575
34.63
40.4175
60.845
64.735
51.1625
82.2675
41.8025
42.1675
36.69
49.285
75.47
57.39
41.79
61.5825
79.54
38.595
54.5375
44.9675
64.6
38.945
64.65
26.8375
81.07
62.03
73.865
30.745
64.025
26.8075
41.7025
54.0275
71.2025
46.1225
53.38
77.4975
69.5275
83.345
57.8475
48.8775
35.82
75.15
75.33
66.52
84.575
77.265
58.805
56.01
48.0275
57.25
35.44
57.7275
40.61
53.655
46.9175
44.26
36.2875
77.0675
59.015
75.9325
75.46
46.585
47.7775
56.5375
56.22
65.41
63.03
55.6
42.46
61.955
60.4625
45.2575
67.405
38.18
45.4825
75.93
65.2425
61.53
29.84
59.58
58.2925
56.54
30.745
51.395
57.72
68.0475
67.3275
26.815
63.325
50.855
62.4925
46.7425
52.815
47.225
64.91
79.41
73.0125
54.2725
42.898500000000006
36.7475
75.9625
68.5475
70.32
63.71
56.4575
30.995
64.5975
73.735
60.205
64.725
41.7525
59.145
48.7
60.43
87.5825
52.0325
66.59
39.685
78.55
77.9225
67.5625
54.895
58.225
93.4725
81.9475
68.8725
46.105
52.14
33.84
69.71
68.515
37.8025
62.06
43.81
66.7875
64.33
61.59
77.6
70.91
69.565
59.92
67.0575
61.9975
29.64
42.04
58.005
51.2775
65.7025
63.01
41.89
56.6025
55.655
34.415
62.815
71.445
70.39
56.225
52.0
67.0275
40.5725
61.9125
57.0075
56.8575
56.65
38.9075
68.27
34.7475
40.0825
38.2775
40.8975
47.2325
57.3625
70.97
50.5575
44.6575
32.9725
42.3225
43.7925
73.435
55.44
46.8675
60.83
57.9475
39.7575
74.4475
60.7125
57.8625
58.8275
42.87
62.46
31.6525
52.9975
55.8
56.2475
60.385
64.685
56.985
56.54
44.8775
35.0625
84.2075
76.405
62.405
44.675
56.8055
74.5825
61.8925
53.0575
92.9275
69.8725
75.1325
61.8825
49.8625
57.5575
70.295
54.605
43.17
35.9375
69.505
43.365
28.4875
61.84
41.975
44.795
51.3325
78.525
63.2925
43.9725
50.5675
68.9175
60.3325
57.9775
38.67
52.7775
38.485
56.2975
56.5575
63.82
69.6775
60.635
54.0725
70.295
71.075
51.5775
66.3525
46.265
57.325
60.5525
64.8475
61.665
62.9725
52.5825
8.445
39.91
69.21
75.8125
49.505
48.9925
35.3025
56.685
55.3375
57.09
52.82
44.7975
75.5175
68.1775
86.3475
62.735
45.625
55.2425
41.6175
83.8325
47.0575
54.2175
54.5
50.8525
42.095
27.6825
50.465
56.58
51.155
39.8225
36.0375
55.3175
41.5
71.4025
71.205
51.01
55.4275
53.3225
52.465
64.6475
66.3375
53.1
69.365
73.145
39.9
60.6275
54.6525
87.755
65.925
50.4675
45.7725
34.8475
69.3375
53.35
60.5975
57.635
47.2775
65.565
62.0475
31.3825
44.4975
64.16
61.11
37.76
57.695
73.835
42.525
49.2375
81.3475
55.15
54.3925
59.7975
74.6125
44.985
67.8875
33.2625
31.4425
60.99
40.1925
55.9675
63.645
80.735
22.5475
34.9
57.325
45.165
73.54
39.3625
49.3875
67.0475
75.68
44.165
42.51
64.38
48.4575
53.2575
54.0625
66.6875
60.6225
61.4225
46.5225
34.8525
76.23
58.035
61.6025
52.5975
34.9575
78.8725
55.945
44.3775
36.07
54.8975
68.98
61.305
78.6375
66.935
40.975
39.5775
43.315
62.6875
47.4725
50.7225
76.9475
39.16
75.0375
47.7075
72.7275
51.11
51.58
58.6775
97.94
47.645
43.4275
74.045
63.65
49.4775
55.9825
26.37
63.7125
70.76
30.43
77.8975
67.85
75.84
80.5475
65.7125
58.6775
50.5625
63.585
66.99
45.465
67.7475
78.5425
47.9025
49.1075
46.515
70.915
60.885
56.8
48.1675
78.1525
53.3975
40.21
46.61
48.095
59.835
45.7975
42.6025
58.3925
68.8175
52.6225
62.725
56.3125
55.4275
65.0575
60.11
39.525
79.935
35.6525
54.62
43.8025
65.3125
59.035
50.9525
57.1125
57.3275
61.2875
58.82
66.7525
68.56
53.0875
70.3475
52.4775
48.7025
67.94
65.4125
77.6125
64.3325
32.94
70.5825
40.8
66.8675
71.1775
45.98
56.225
68.075
67.295
68.77
56.4875
53.605
57.98
70.7525
42.47
66.5475
67.32
31.05
43.6425
59.145
55.1925
70.115
55.15
31.325
57.6175
45.065
58.4875
46.4725
69.24
50.885
41.7725
51.585
69.2825
56.245
55.8025
44.5375
53.225
54.9625
53.04
44.4225
74.1125
41.4075
71.7925
41.21
80.035
42.23
65.61
49.4975
56.205
67.2125
31.655
69.2925
42.8425
73.5375
46.005
67.82
41.23
63.985
54.09
37.72
37.405
60.7225
55.465
39.785
77.0725
64.0825
56.8675
51.1425
82.295
45.6575
46.085
69.2425
53.3475
55.6825
53.3775
80.215
59.2575
73.915
42.3075
32.26
69.29
56.2875
49.86
46.965
53.215
60.6675
69.1475
34.38
59.2025
33.655
65.365
70.1525
73.22
66.385
46.1175
60.59
73.46
52.62
46.295
74.435
52.8925
46.8
69.2225
56.525
67.44
35.5025
42.2725
47.13
61.0475
65.5575
70.4925
37.5475
46.39
59.9175
28.6775
55.2775
39.805
56.96
30.7525
54.2775
54.715
66.91
57.5425
45.3225
51.9125
68.215
71.695
57.8775
73.1725
59.7675
63.0825
52.06
50.6575
53.695
35.86
26.3225
53.6925
47.14
66.2675
59.1775
40.3525
27.7
49.47
41.0975
77.465
66.9825
72.18
35.43
73.2675
50.8575
47.255
52.055
47.3725
46.015
65.0625
59.305
37.7325
46.465
21.4775
48.49
34.3325
47.175
59.3425
73.4825
57.01
50.6125
74.675
53.0725
51.945
44.885
38.63
57.6175
56.18
90.6225
61.48
68.4275
76.1275
58.3475
67.895
60.285
46.595
67.38
70.0375
84.4025
21.8
44.4425
64.2375
79.0925
48.13
54.1475
48.48
57.375
56.065
73.4625
54.625
75.11
49.55
64.8725
69.135
64.59
74.07
53.77
64.04
35.0
50.0375
33.4375
53.625
31.26
46.655
39.3525
47.79
67.9825
46.8275
36.36
34.34
51.8225
49.1175
34.3825
78.145
71.9075
64.63
30.9525
39.5325
33.425
51.41
33.8025
45.435
49.715
54.065
96.6925
55.0975
39.3625
58.1725
67.25
52.1
55.2775
43.4425
26.2675
44.545
40.245
33.01
77.26
50.025
69.2775
39.7875
49.3575
61.7075
62.865
88.5675
55.1725
64.17
47.18
40.935
40.005
62.4875
85.8575
68.3775
66.5175
65.1175
75.6825
76.6
60.4175
64.4575
44.0175
56.5625
70.005
39.225
49.65
59.8225
74.1725
64.39
51.895
34.44
57.7825
51.93
59.2525
56.075
52.7075
44.56
76.5325
69.9525
48.0025
53.74
60.745
53.69
66.5775
62.8175
46.1325
31.6875
74.1075
56.2175
81.5575
44.2275
33.845
50.4925
50.005
42.715
74.62
38.8725
60.115
49.12
73.6325
55.745
44.2575
56.1525
69.125
44.085
56.8925
69.6425
52.8525
72.4825
42.6175
65.59
71.4
70.33
83.6325
56.8525
50.5525
84.7625
41.7275
38.1775
77.795
59.12
61.1275
40.365
78.4175
70.1775
63.9875
58.5575
48.8175
66.0925
48.2525
29.515
55.4425
27.6425
52.4025
38.195
68.645
47.33
42.0425
41.3075
46.705
42.35
38.3225
35.1925
35.7675
50.1075
47.4425
69.585
41.2475
54.335
45.005
82.9025
65.66
68.675
34.42
48.86
59.9
64.6125
65.13
52.0775
57.525
84.125
49.5425
50.46
51.6075
88.1025
42.305
55.0425
69.18
56.97
65.71
66.935
47.835
20.515
53.4075
47.6075
50.9
46.08
61.455
72.05
62.295
36.6775
32.7025
66.545
36.61
36.3775
48.195
28.965
69.9225
65.725
63.775
38.2925
64.9125
26.81
74.6
30.885
53.7975
45.885
35.3325
53.6675
46.635
51.295
53.7175
68.5475
66.8025
46.1475
41.7875
60.1975
83.76
48.9
50.665
46.1125
65.0675
34.23
48.1
52.1675
60.03
72.275
44.295
39.9275
72.9075
61.3575
69.8625
64.0875
50.0275
65.71
42.1375
36.9375
75.88
51.6025
67.2575
51.6925
76.31
52.605
31.0875
57.395
72.5525
60.5375
83.135
51.0475
66.825
47.685
40.6975
35.975
60.075
45.545
39.5225
44.9975
36.3725
49.215
46.365
51.945
54.495
13.7075
41.225
71.695
75.46
61.395
34.4475
45.005
79.4725
67.76
51.44
68.0225
40.0525
66.7575
63.28
49.005
65.8575
70.0875
50.1425
59.2
78.5075
68.4425
32.9875
67.0225
59.995
56.07
33.0975
64.565
73.29
86.5775
53.7125
37.295
49.205
35.69
35.915
39.54
42.4175
38.5325
59.9075
37.75
79.5425
72.865
37.5075
41.9225
57.2375
45.39
54.235
46.575
66.2875
52.8875
69.48
50.6125
42.4375
71.175
59.6075
31.6975
61.155
49.0825
28.4025
59.2825
54.06
45.7025
61.015
56.2125
54.045
42.1575
63.6325
41.8075
41.385
63.3025
51.71
57.33
54.4125
33.865
42.175
69.175
68.19
74.89
47.7075
70.4925
24.17
52.31
49.6175
65.475
70.605
59.9
53.71
37.8925
56.8575
60.61
48.095
61.4325
63.66
50.5625
71.625
78.2575
50.415
48.98
52.115
80.685
17.5625
70.0775
65.4075
68.5925
73.3975
95.4575
54.11
66.5225
67.75
32.0425
47.9325
35.7425
60.665
37.91
50.18
44.405
65.9475
28.265
41.575
61.17
53.3375
56.2375
71.62
39.54
49.535
62.71
60.6425
44.9925
81.3725
56.8125
63.1925
53.9275
58.135
65.625
41.5325
59.145
45.995
68.915
44.5325
78.4375
42.3225
58.925
86.63
66.885
54.4125
65.7675
31.525
87.27
58.1575
67.19
27.1525
68.9475
56.6225
65.41
79.92
66.8625
48.4325
57.0
78.49
67.95
60.4675
67.86
79.245
45.6775
67.4875
75.095
67.2175
62.1675
68.0925
49.365
67.68
66.3125
57.15
47.71
71.035
41.8675
60.5625
52.7325
52.3925
36.5025
69.3775
80.8975
63.84
61.4575
68.3275
69.03
49.0975
60.9425
74.4875
62.985
64.63
45.3025
55.34
46.55
55.18
46.7225
42.9075
45.18
75.4775
71.86
51.0825
45.055
54.825
39.565
61.555
65.44
69.75
70.4525
21.86
82.705
36.5025
55.4775
64.4575
56.1025
55.995
63.7875
86.515
57.2425
71.34
66.1225
38.2925
55.42
45.72
39.4
51.6325
52.4525
77.545
81.7275
59.8575
65.0025
36.0
60.955
63.7875
46.87
46.8825
29.49
61.6975
62.0575
65.4875
60.92
61.515
47.36
71.0325
42.9525
48.9175
63.67
60.07
81.0575
63.79
61.89
22.955
39.48
34.43
55.3925
79.1025
63.9575
56.2925
59.5775
29.4125
50.4175
57.22
56.2775
62.5025
48.6425
60.535
50.5225
75.0025
67.73
48.875
53.285
81.7675
45.95
67.4525
65.54
75.95
67.3375
62.5025
43.075
69.975
44.255
71.6725
47.8175
58.5375
46.09
60.7425
67.3325
69.53
68.23
52.0075
37.975
57.8825
68.9575
59.1525
37.41
87.4875
75.2475
70.8125
71.125
81.83
75.51
64.3175
36.97
64.37
62.03
50.4
75.615
56.525
47.4225
58.195
59.64
65.6725
46.5725
75.995
67.8575
45.975
35.5275
27.5625
54.6675
53.995
47.6775
52.9
40.425
61.415
81.1825
36.685
56.45
60.0825
60.6575
64.8925
83.0275
72.6325
64.0625
54.055
43.3975
24.92
71.3225
61.025
62.8925
61.2525
54.0525
43.0125
59.895
75.685
69.93
51.455
44.435
44.3525
81.0425
62.255
63.7475
69.48
56.5925
55.305
70.435
55.94
63.3175
57.18
33.2175
61.66
66.4725
81.9425
47.2225
44.58
50.3675
55.8125
23.615
31.175
51.08
66.9175
46.51
74.09
57.57
47.74
38.545
52.8425
64.3075
75.5
57.6775
44.575
79.005
52.8775
67.81
44.7225
32.925
60.975
33.8375
52.7025
66.34
55.1625
61.75
75.4175
59.01
66.78
88.9175
56.7425
70.31
42.475
60.5675
30.885
83.4575
41.3175
57.515
49.8425
64.1675
48.1575
43.6775
59.02
61.405
32.1975
57.3375
46.885
58.8225
42.04
65.2725
56.385
61.5175
39.5975
62.435
69.29
50.4725
42.8275
74.0925
57.1775
33.615
52.725
79.595
47.5475
88.7275
64.0925
39.005
39.36
48.155
45.0675
40.235
34.78
66.6325
46.8625
33.5775
67.59
46.615
59.7125
43.4275
44.895
67.1025
64.46
46.985
61.755
70.02
46.65
81.41
77.28
47.585
54.575
54.845
66.7875
46.48
74.135
40.28
68.09
60.545
60.29
47.1425
60.61
39.255
28.445
38.24
63.05
58.9475
47.5775
65.7525
59.3075
30.4525
65.1525
62.1025
43.44
74.72
58.525
50.12
41.2225
46.3475
47.7375
51.42
47.305
42.6775
74.005
40.6725
61.975
66.5425
59.545
50.3025
60.0525
55.04
64.6425
64.66
42.31
63.7725
59.45
61.9875
86.8125
48.045
71.5275
60.7575
41.045
66.39
43.6775
58.5375
52.12
68.8875
45.1425
52.8275
51.285
70.93
51.405
68.285
53.375
65.92
58.2575
69.13
59.615
36.41
51.025
63.385
93.49
59.285
45.5475
48.015
52.83
46.7225
59.32
56.5475
49.215
41.7475
56.6375
77.3725
77.47
43.13
66.96
59.43
73.5825
49.1575
52.29
76.1175
72.3225
59.4575
51.7925
44.77
46.4825
69.315
44.965
47.125
43.6025
50.4625
71.31
56.65
45.1625
51.4025
63.47
50.625
86.065
65.595
72.9275
54.0
49.125
62.8875
34.235
54.1075
48.31
34.6225
41.635
36.375
71.79
72.225
81.635
53.2975
61.34
67.1325
36.03
22.65
59.4025
56.5475
36.5775
88.71
70.43
54.725
46.955
61.4825
36.28
46.9275
58.2625
40.415
60.61
57.7975
64.335
63.6425
70.925
69.825
54.45
42.7725
46.7025
53.7275
73.935
74.6925
55.6075
45.02
58.4725
56.56
41.8375
59.3025
52.1875
71.7775
45.27
61.475
35.2375
75.4
47.0825
69.0425
68.8675
52.38
61.4925
45.5275
31.8675
45.4825
44.68
61.05
46.095
55.95
30.4825
37.06
38.0625
55.0825
68.87
45.475
76.7325
53.165
44.065
68.41
55.89
69.9325
71.0725
62.2525
48.2925
42.11
59.26
53.205
48.415
68.95
38.7475
71.215
54.5825
50.2925
48.795
67.9
61.975
62.06
57.465
74.1875
55.4075
58.5475
29.6625
59.3075
26.225
66.8775
42.83
54.5775
53.5025
42.185
40.065
39.19
72.2875
40.4475
44.0575
58.7725
67.18
67.12
57.67
60.6175
61.475
52.55
70.5
47.115
43.6975
50.9475
53.9225
47.0375
36.1975
66.455
55.2825
43.6625
59.55
63.6775
54.415
58.105
61.485
85.35
47.2725
43.84
57.2225
45.055
33.64
94.0725
50.1025
83.6225
66.1025
66.855
64.4625
53.1125
68.835
62.9175
58.6925
39.8375
63.7875
44.635
52.395
74.665
54.835
70.0725
49.145
46.84
46.665
34.845
53.225
57.58
56.815
49.6125
53.22
71.2475
53.23
69.13
36.87
48.4575
72.71
60.54
57.225
56.7925
79.6475
42.07
84.9525
48.845
54.84
73.06
76.8225
36.755
52.3625
54.2925
71.485
49.8625
64.4575
58.0125
37.7925
57.325
48.97
62.5825
64.82
34.675
80.275
84.7375
48.565
62.03
78.2925
72.22
53.8675
56.12
78.9275
56.95
65.615
58.985
57.3275
70.3625
80.615
82.23
70.735
45.2575
68.625
68.08
57.805
67.0425
60.5675
51.57
55.4125
48.295
39.565
58.815
62.42
51.91
64.295
51.09
24.5175
77.9225
77.9575
41.485
37.7675
83.8125
57.9375
74.49
65.27
65.41
36.09
36.15
44.1
54.52
76.6075
56.5525
39.1725
37.045
56.12
53.25
69.825
70.3375
57.8975
82.075
66.6075
55.9675
57.09
29.665
58.0825
58.765
54.85
49.7725
42.1
60.3675
67.38
58.2775
60.2225
58.465
51.315
70.1475
55.7375
41.2225
50.7325
71.3625
38.8775
68.3675
61.3375
58.3675
84.09
42.4175
72.9225
74.625
68.3025
57.7675
41.9
25.94
39.645
56.6025
62.275
65.4675
72.945
61.9625
50.5725
61.7575
66.7975
68.74
76.0875
54.8675
76.7325
61.2775
60.335
46.66
45.235
35.0325
51.955
69.655
65.635
83.4925
51.8175
50.39
37.4875
59.1225
64.3575
63.46
54.7975
46.1725
80.74
65.545
33.125
71.7425
64.57
58.1775
62.9
85.085
73.7775
73.955
73.93
50.3475
29.1475
64.45
66.195
40.725
72.75
62.5625
48.08
40.08
75.4725
54.5075
47.3575
41.8575
47.405
71.4975
43.57
60.5025
54.5325
40.45
68.4075
58.1375
65.1
74.375
64.8475
45.23
77.075
64.44
59.5325
55.1225
53.995
67.865
39.2025
48.295
57.985
65.4925
73.2
61.5075
54.2575
37.9425
54.7975
48.915
41.9675
33.735
69.505
78.45
44.9875
45.0725
73.185
57.1675
72.8075
70.1475
63.7
49.7175
40.34
57.57
58.315
41.665
40.445
37.27
58.565
43.4025
69.5
74.845
48.605
64.4425
40.55
75.78
66.1175
39.87
66.88
35.2275
60.25
60.39
87.7425
39.335
50.36
71.93
73.8875
44.13
60.1075
74.35
37.7675
40.1975
42.0225
72.8025
35.5075
69.32
44.7575
56.4475
55.2
50.53
49.0475
59.1275
87.065
27.2975
43.145
70.3025
57.8525
46.58
48.0725
72.9925
57.445
63.2875
48.125
73.985
79.3125
51.6775
48.2675
50.175
43.9325
58.885
36.555
63.095
23.765
36.5425
43.2225
76.42
71.9275
64.955
68.5125
68.425
69.57
71.985
40.595
71.3325
63.22
35.085
42.1725
77.4975
59.0925
51.0125
72.115
53.4525
61.3075
38.7475
60.7275
38.525
53.305
40.4175
35.775
68.6475
40.17
66.1525
72.0
54.045
42.0875
34.31
51.1925
45.8225
76.6175
69.6075
37.483333333333334
68.7275
54.155
67.93
64.3475
27.485
85.7425
47.985
83.255
46.99
70.6475
78.615
32.84
74.3125
71.59
47.2525
31.13
42.2675
57.785
55.28
47.8525
34.1775
65.8775
44.5025
53.695
57.4375
57.8575
80.855
66.8725
61.125
58.4575
67.9475
49.615
41.0275
52.735
83.275
38.2675
73.1775
61.5325
42.095
91.5475
46.9875
71.85
44.62
54.8825
48.615
49.2075
24.825
62.8425
55.4525
55.2825
69.785
57.81
46.8525
87.3475
59.28
73.065
63.0275
49.6575
30.1075
30.5325
36.77
71.0075
79.9075
56.4675
47.9725
62.9725
61.78
73.045
40.225
41.165
39.9375
50.8275
64.9925
38.55
76.6475
43.8925
66.7425
63.1675
42.4975
29.33
60.9425
66.1475
78.0725
40.6875
66.505
81.235
55.67
53.845
68.645
48.0525
54.7125
68.5625
60.3175
39.745
63.1275
32.845
73.835
92.1675
52.06
46.395
69.66
24.55
72.6225
66.1375
40.735
50.4325
50.5825
74.625
67.7325
50.93
48.7225
51.1725
46.555
62.3
69.2775
45.385
50.9525
59.7575
55.3975
77.6
65.0525
65.97
53.4925
47.33
70.4025
69.4275
43.5025
65.095
57.0075
40.1975
52.325
46.3125
69.5875
36.6625
32.8275
51.205
60.7575
74.4375
54.3275
79.9075
46.0425
64.9925
63.7425
62.2575
52.595
54.79
63.335
44.65
57.4725
61.4375
63.5425
39.7025
45.885
48.195
73.765
33.4975
78.0575
56.5475
72.32
50.6475
38.2725
42.2875
58.505
37.5925
27.1425
35.915
73.0425
51.5
57.4175
42.94
38.3125
64.39
53.755
71.675
39.3
35.4475
30.4725
79.65
46.5975
74.7125
71.3025
28.695
45.7975
78.73
50.515
41.54
58.1975
57.8875
58.67
33.11
63.9425
34.4525
57.66
61.01
50.675
40.1475
68.12
39.65
85.0375
31.415
39.275
72.3575
54.98
70.93
34.09
67.965
56.43
58.905
78.7025
70.1025
71.8525
39.9825
64.325
66.7125
26.815
43.1025
46.4725
41.1525
30.2875
40.8275
75.4825
47.5775
29.105
42.1375
47.885
41.9975
63.5975
59.0925
43.2125
43.8075
74.4775
69.915
60.6975
46.1025
48.9425
71.7975
52.9025
43.805
67.6575
74.16
75.1725
62.9125
59.3975
61.15
49.1475
57.1375
66.59
64.35
38.28
62.8025
53.0625
40.8375
45.6575
31.2875
41.9925
48.82
59.295
40.8175
69.535
60.765
73.7925
55.4525
39.9725
64.505
65.3975
17.795
48.0675
51.9425
59.8025
34.8725
50.0875
50.3825
41.4725
39.835
41.695
51.0425
38.8775
67.6075
43.135
50.5225
37.15
36.1575
47.6275
47.4075
60.215
38.93
63.25
63.525
74.48
30.5725
67.33
72.39
62.18
66.6975
63.8125
41.29
45.8225
48.5725
52.7725
36.73
50.34
55.3675
65.485
45.38
76.6725
46.7075
51.66
40.3325
57.76
36.73
55.945
41.67
59.17
42.21
52.2075
30.255
65.095
53.4075
58.06
58.2825
52.3225
51.225
69.5275
56.495
56.395
70.4825
70.955
58.775
54.735
74.785
75.8575
65.195
64.245
74.0475
59.4025
27.9525
59.97
55.35
51.4675
32.69
46.4975
58.4675
69.2
45.795
59.725
48.725
60.1975
40.6525
50.05
61.2725
51.1875
83.31
56.98
72.075
44.5875
56.09
65.16
69.9425
46.2
67.4225
71.9925
52.42
63.295
52.3075
73.5425
48.07
61.6125
38.965
56.465
51.02
52.0325
73.2675
48.545
45.8575
57.18
32.3325
39.92
45.4
46.655
63.215
31.8025
64.0175
77.8775
64.46
62.2175
52.3825
43.875
40.7175
39.2225
65.0525
61.9475
49.205
54.165
59.7425
35.5475
67.005
69.24
66.57
40.5225
69.635
37.8525
55.54
69.9975
42.3025
36.0
61.82
59.5875
54.1175
64.28
69.5875
59.385
53.0375
59.2925
53.92
73.685
38.825
49.6125
66.6875
48.315
24.7
70.995
57.94
50.9425
71.04
51.07
62.06
57.635
64.115
66.5075
57.34
48.735
60.4675
80.26625
26.56
48.7275
58.1975
54.84
38.65
67.8175
42.665
39.8975
59.555
57.7875
34.8325
43.4825
56.18
65.56
67.0925
42.68
56.6875
50.785
51.1025
48.52
79.03
51.6425
82.845
59.33
57.67
57.9525
60.83
58.045
73.26
74.18
37.4675
64.6825
43.17
75.015
43.7425
55.12
61.4625
47.8025
73.83
58.8475
59.2775
56.2125
52.4475
60.1475
47.6025
57.3075
61.8775
65.61
44.775
77.195
60.565
68.8125
57.885
59.87
64.275
79.225
35.1925
45.945
50.205
64.5125
57.8175
26.6875
68.225
53.525
61.1225
42.3175
57.485
47.7125
53.025
53.5475
34.735
42.1475
38.82
54.03
79.3275
49.865
78.6
60.7475
73.8575
40.475
59.4775
70.5625
50.0475
41.35
51.31
43.2525
47.6825
67.1475
45.5825
42.9525
57.2025
40.4675
59.5225
58.82
68.78
46.895
37.22
38.3375
71.3875
47.5025
53.145
57.1675
66.8325
34.9575
75.5475
53.1175
66.5325
60.6475
70.95
76.5625
70.5925
72.7775
66.465
63.7225
60.505
79.0925
59.8875
52.28
51.115
60.06
40.5275
64.8375
60.05
68.5
51.2975
55.8075
63.0325
56.2075
45.6775
63.545
36.41
58.42
53.255
64.1625
63.755
36.6575
77.48
57.27
69.78
79.305
46.375
72.315
69.78
69.0
43.025
59.8075
31.06
55.0375
60.99
52.1275
59.97
72.59
41.57
46.4525
48.9125
71.7825
75.6125
57.5375
74.9575
44.1625
68.84
66.775
76.6125
43.9025
42.5475
67.18
71.1575
65.355
49.8925
58.915
52.04
54.7325
73.4825
45.515
48.8675
74.28
54.89
30.8875
67.1075
40.7575
44.0175
51.8075
60.0325
79.0
84.275
39.795
57.1975
47.4575
28.58
73.615
69.9375
57.305
71.65
60.6625
22.8225
63.7825
56.7175
56.3
52.575
39.8975
46.0925
42.175
59.865
68.255
73.745
56.4825
58.0525
50.9
44.905
78.3475
29.265
43.9575
55.2475
30.1325
39.8975
59.905
65.56
70.3075
63.1425
56.385
44.38
49.5775
55.1675
37.4425
65.51
55.68
85.3225
54.805
61.3325
75.06
41.3775
77.7875
61.165
43.7625
52.375
45.92
68.78
47.69
29.9325
70.9
62.13
52.42
26.685
76.83
44.3475
31.3925
37.9575
63.415
35.6875
46.5425
93.5425
56.695
48.4725
47.5325
43.135
67.3275
78.755
57.53
70.12
58.31
68.915
53.0125
29.6575
65.3975
49.5575
71.2
57.35
53.543
37.52
57.155
39.965
68.42
36.5675
51.66
56.7225
62.58
79.4625
71.3875
54.0125
55.62
66.165
57.4525
56.745
60.935
61.695
70.2625
70.835
71.0625
39.8575
49.4575
49.0975
65.665
59.965
60.745
70.3375
48.9475
54.29
42.3625
66.685
43.975
66.9975
31.1675
53.655
48.0925
49.415
40.635
55.4525
53.1475
57.255
45.675
68.84
41.8375
55.08
50.0775
41.5825
27.7175
68.1375
33.655
72.8375
63.22
56.7575
52.7775
59.53
67.8675
28.095
62.94
59.1425
41.0375
62.945
46.3125
55.41
69.955
70.71
52.88
55.81
60.905
61.73
48.7225
41.0175
76.4275
65.7825
43.3475
61.12
82.3775
35.6075
61.9775
60.4975
58.6825
37.51
58.4325
73.6875
34.6575
63.4
51.125
51.1375
42.965
89.3325
35.5175
51.83
65.4625
58.1975
41.295
71.5225
44.165
32.8425
54.9525
29.875
50.5975
48.2625
53.9025
51.4725
50.185
45.34
61.635
45.54
54.4525
48.725
55.44
47.285
64.78
60.665
32.9125
62.0875
26.035
64.7075
18.0725
54.5175
28.235
55.87
55.205
42.865
47.365
45.745
45.8625
69.885
50.615
42.2825
74.7075
52.6325
20.805
65.5325
51.83
61.1025
76.6175
60.245
56.525
43.1775
53.09
65.8775
35.8175
76.515
64.6925
54.26
46.59
46.6875
69.73
82.9775
54.7775
70.73
66.9175
53.8225
58.3725
64.1175
60.67
56.3425
43.94
29.8475
70.4425
63.94
67.975
49.6925
55.12
70.24
34.1075
57.47
65.735
36.81
68.8025
56.9075
65.5575
56.15
60.14
50.0275
41.64
63.02
73.0775
41.775
50.9875
49.9375
44.0575
69.58
35.57
67.9
63.7175
46.74
58.54
60.3725
59.7275
55.1425
54.2675
64.4975
42.9725
48.485
46.115
77.45
51.9875
37.8925
75.0625
76.01
60.99
56.345
56.8175
37.8875
65.6625
56.2275
72.34
43.805
43.42
39.935
69.0125
56.1225
48.005
55.775
40.6375
57.29
43.24
20.625
51.35
44.4825
59.9425
64.3925
65.6575
42.365
53.16
71.45
59.5275
54.4625
84.755
53.445
57.5225
61.05
53.835
58.3675
44.8775
50.86
56.8
56.245
60.1775
70.5625
36.17
57.3275
44.3
56.065
53.28
56.3125
32.7875
79.805
58.9575
69.4075
58.545
63.3375
85.275
50.435
59.4075
60.0025
39.5575
55.4875
59.9825
59.89
70.005
58.5825
45.2175
33.77
41.7725
55.6575
28.86
47.1275
33.56
55.92
44.2275
29.2475
69.0225
42.725
56.875
27.015
64.6325
49.5325
42.8675
71.4775
39.7775
45.695
60.875
37.42
32.42
64.2925
51.995
24.1525
52.98
64.9675
73.0075
65.1875
51.34
53.645
78.275
53.6825
69.2725
59.545
44.385
77.8925
43.5875
66.0525
50.58
54.9325
51.285
51.8175
46.1225
36.62
61.2325
43.79
77.0475
37.735
48.0025
41.2
65.1825
60.01
40.11
42.2925
73.055
37.2325
60.0275
61.88
73.705
62.04
49.9975
53.48
51.575
66.1725
39.3225
19.885
29.85
75.12
48.5175
42.4
60.95
69.7975
59.2425
49.1725
37.895
73.345
77.9075
79.195
54.8825
69.96
45.0925
70.4725
46.6525
39.415
48.84
55.88
61.4475
76.2475
56.985
74.78
68.5975
64.9325
73.8
35.8675
42.43
50.18
69.4825
61.635
55.4575
52.43
61.2575
40.5875
53.4025
30.41
67.7875
57.465
51.195
58.1825
66.88
39.1025
42.4175
64.9825
73.74
70.915
49.2725
71.09
37.21
57.6925
49.47
72.0475
30.3025
34.2225
67.8625
73.485
50.13
59.935
37.9875
70.7725
42.1325
72.52
86.0425
51.04
66.9025
62.645
77.7475
71.3525
76.395
45.215
64.615
61.3925
76.2875
58.985
44.2975
28.855
51.5
73.3175
63.12
56.5375
56.1025
59.3175
41.29
44.88
67.9
69.36
64.88
36.64
53.9075
80.005
54.2675
28.04
46.7025
64.07
51.905
61.485
65.66
32.0675
51.6625
67.7025
49.4925
78.6875
29.2025
38.5325
79.075
77.3325
50.2625
61.1425
66.455
58.295
67.135
40.53
54.1625
38.32
53.455
49.7825
47.035
53.5375
66.8025
55.845
51.205
46.405
40.955
33.7925
68.3625
54.2175
75.755
73.3525
39.8575
48.905
44.4575
40.8725
48.155
49.2575
60.125
27.6
74.4175
59.6375
40.005
38.1775
33.515
73.3675
48.185
53.785
43.775
52.9375
50.8475
50.8375
24.1775
49.265
85.8575
42.3825
48.5825
42.8325
69.3675
46.83
56.3225
84.19
49.675
38.4275
52.5525
86.3075
61.0025
59.7975
52.085
72.955
64.1975
56.105
47.4725
80.555
77.5275
47.795
48.03
57.2825
80.615
74.325
52.92
66.355
55.62
68.5
50.59
61.01
31.87
50.2475
42.4075
69.73
61.01
70.245
34.06
43.5275
44.175
50.83
54.5575
65.7975
44.8925
59.5675
44.5175
45.2925
41.865
68.6025
54.24
43.21
46.805
76.1675
63.495
72.1025
47.2225
91.5325
42.81
64.5075
61.175
42.18
44.1775
67.855
56.4025
65.6025
82.085
77.6025
79.935
54.8825
47.1425
49.3675
50.8325
71.54
48.9425
40.35
73.7625
44.0675
45.575
43.03
65.05
59.4575
61.89
68.925
42.085
64.735
59.76
55.04
51.01
75.3125
51.135
47.9475
70.0675
49.8975
66.2775
49.7675
69.8325
34.1925
48.3675
68.465
66.105
70.1675
86.44
62.0825
59.105
74.745
52.8575
67.0825
41.615
64.915
64.0525
47.7725
42.965
46.575
59.1525
60.27
56.42
27.5
74.195
54.475
58.4275
51.115
82.725
50.75
45.295
43.1425
43.365
45.0025
68.685
68.695
63.8325
67.77
57.7375
68.26166666666667
64.8725
63.2625
66.26
67.115
66.0375
69.8725
35.8625
28.3925
34.4525
60.4675
54.6675
51.9625
51.01
61.965
50.87
59.7375
64.385
25.25
65.8525
41.3
53.665
52.2225
21.0275
28.98
50.58
44.725
52.7575
64.32
65.26
36.73
75.5525
46.8825
54.5775
50.095
78.945
26.61
71.9725
71.485
54.5925
32.09
33.2025
40.63
48.98
52.5225
64.5575
51.4825
56.8175
35.32
78.7725
71.1075
43.2075
55.395
56.255
67.7175
51.7975
69.7475
48.875
71.89
48.985
48.0775
36.0825
69.5125
29.57
44.9575
57.49
55.6375
80.31
48.6325
68.4175
38.81
63.2525
59.865
54.6225
48.9125
62.7275
73.9925
57.415
61.8075
56.8775
41.9825
79.7625
48.55
56.91
77.305
47.1275
66.4375
50.0825
79.435
55.865
48.0825
47.4125
84.5625
63.2525
73.2575
36.2275
76.18
26.825
66.6875
49.5525
51.8325
52.6675
76.965
48.7275
57.8075
64.82
53.61
59.8425
60.21
60.47
54.195
36.4825
54.99
53.495
41.82
57.77
40.955
61.6775
80.82
48.4075
73.105
77.1375
63.7725
48.225
48.7575
59.7675
35.2975
72.225
72.61
41.915
29.2675
36.2425
63.53
52.7025
33.105
79.340625
53.215
45.405
43.8675
55.3475
24.7275
63.3475
49.745
49.28
71.945
49.6675
60.375
49.7725
28.5775
61.6725
61.545
49.6825
42.8475
60.4675
60.385
47.28
25.6925
31.885
61.805
58.8375
53.2075
60.2275
79.7075
50.66
45.685
63.0975
47.5975
50.7725
64.9025
71.0525
68.1475
34.6625
41.255
53.42
63.115
58.275
46.2175
68.4275
34.1825
59.97
67.6575
35.6375
51.785
87.6325
43.67
28.89
43.0425
54.1425
71.3725
64.9675
65.445
50.555
53.84
29.5975
37.3625
43.2025
60.8575
64.5475
61.83
36.1975
84.3825
58.2475
73.41
45.255
62.315
51.1825
59.3375
51.5725
59.0575
72.2925
72.5175
60.725
59.5125
62.39
70.115
52.7575
54.375
66.265
73.0075
71.1375
27.945
32.215
64.245
41.665
56.9275
59.5575
38.6375
77.2375
47.33
61.5425
49.8925
67.245
52.675
51.8675
78.7075
53.81
60.8575
44.3125
44.7675
59.1075
55.765
40.6075
43.56
41.6725
63.7125
49.4625
66.445
52.61
78.57
77.1175
32.825
40.49
71.6475
33.9325
79.4525
73.0675
64.8775
35.67
70.2075
66.3825
36.1025
66.3075
56.75
65.01
71.2475
69.385
70.3975
37.1125
44.6325
63.175
47.24
66.2575
31.46
64.7275
76.06
74.1525
59.5975
34.725
57.36
75.66
59.8875
54.515
54.735
75.3125
52.265
58.655
54.4525
46.9325
75.58
80.8375
56.11
59.925
57.8025
39.97
46.3625
44.4725
63.595
44.065
74.685
63.83
41.9225
50.7975
61.1875
51.485
49.3
32.945
52.175
67.3575
60.715
55.1925
71.605
63.795
38.735
48.2
42.7825
62.1625
46.38
52.2675
49.715
55.4
67.9575
45.06
52.3175
70.705
73.7075
61.565
66.73
53.5675
57.9225
49.28
62.9775
73.0625
44.545
51.705
70.725
78.53
52.405
41.6875
33.725
46.2925
60.875
60.65
58.22
47.21
63.45
70.22
78.6375
68.6425
64.935
54.7175
53.355
34.56
70.5075
67.6025
69.8975
56.68
83.8525
41.3225
42.575
68.415
64.7075
74.2
41.9125
54.07
59.6725
66.25
59.695
71.085
39.23
42.5625
42.3125
69.2
45.6175
86.9325
41.9525
48.175
52.3925
56.2375
53.0175
72.25
49.4225
48.3075
64.6475
56.845
80.0975
67.725
72.52
50.5425
40.74
79.625
35.8375
47.51
78.6075
30.685
60.56
29.2375
67.27
46.7825
37.55
60.535
48.495
68.115
58.8575
68.23
49.8175
48.145
56.13
56.595
81.4175
68.3425
62.22
45.225
63.7325
49.9125
41.0125
61.4325
62.79
44.225
64.4675
58.5225
49.3875
64.8875
52.5225
57.6525
59.34
65.1975
71.6275
69.58
46.6
35.8
69.3575
43.1675
70.8075
71.155
59.16
81.3725
67.57
79.0475
52.735
36.485
60.4175
69.88
77.635
42.1975
58.745
66.3775
43.27
65.7775
66.79
54.19
55.295
35.945
56.005
21.7525
52.74
82.625
80.12
40.3325
46.19
43.32
43.65
46.905
43.4025
28.5975
35.9275
47.6125
52.3775
70.72
58.515
45.245
65.0775
73.08
62.41
59.9875
60.5925
42.0975
52.2725
64.8625
64.1775
69.895
45.465
60.935
69.785
38.965
64.425
51.3375
39.965
56.03
56.83
79.135
36.155
53.8275
72.5275
70.78
51.6075
75.1575
64.1975
56.285
31.005
38.5475
51.575
73.8975
65.455
50.69
71.65
61.915
58.31
52.6325
52.2
79.3625
65.3
73.1275
55.4175
52.2375
61.045
87.1275
79.3675
56.785
54.31
60.2175
62.0175
37.1675
55.61
68.275
35.4025
57.0175
74.23125
65.8125
48.225
64.3875
42.1875
65.0925
38.67
74.5575
51.855
27.5875
62.51
59.225
60.7775
64.5525
30.7025
54.91
52.6725
30.5725
45.5025
53.8775
39.66
42.33
39.855
41.88
66.6725
68.2025
62.625
41.025
79.5075
67.3075
38.0375
43.5325
60.67
28.9525
65.9
54.645
63.4375
68.8675
52.8225
48.27
46.8525
48.195
56.82
59.755
35.2175
79.7275
36.7075
55.4775
50.2125
56.9525
85.4475
56.255
40.8125
54.7225
40.475
63.9225
52.92
68.1525
61.09
78.1375
65.4525
47.2025
54.0875
37.8725
38.5875
45.34
44.805
61.5275
52.135
63.3
62.1625
45.655
63.1525
37.135
83.6925
73.1
63.7625
48.7975
35.1975
49.1675
41.1925
56.945
55.2125
38.36
42.195
58.055
37.6
62.6275
54.55
49.885
60.4625
55.905
51.235
60.015
68.6
81.1575
40.245
70.235
66.3825
51.83
80.235
60.075
55.5875
52.31
53.4675
46.585
51.8625
45.685
60.9725
62.21
72.45
65.02
70.8225
32.735
34.9175
53.26
70.9175
72.2925
67.6025
68.325
27.3175
82.45
77.3775
68.5425
51.1325
53.99
45.5775
53.8575
35.9575
39.77
74.555
66.65
62.9175
68.835
73.875
60.805
50.7575
51.72
55.5425
59.2725
36.3325
50.1575
50.8025
65.66
44.715
47.085
36.64
70.15
69.1825
49.0925
48.235
47.475
58.2925
45.59
31.7175
58.5975
78.8225
31.93
83.7875
34.8675
35.3125
49.9875
42.615
41.785
47.7375
62.4925
68.235
41.935
57.0325
54.5375
46.3425
68.6425
66.7225
48.0925
59.4275
64.37
35.505
59.64
54.205
79.4075
56.1275
29.8825
36.965
67.485
68.555
71.3825
43.8025
59.13
64.2075
50.2075
46.1475
50.6375
44.2575
42.8975
75.595
53.8775
71.0125
64.03
38.8875
68.0475
51.9175
54.025
59.3
58.7775
74.8
43.5625
53.035
46.0475
63.93
76.7425
61.0925
45.545
41.82
62.62
64.9975
78.1825
62.5325
72.1175
76.8625
59.4675
37.18
66.76
44.72
65.8075
56.995
42.7575
32.2425
63.0375
63.02
71.0475
45.54
67.92
83.15
54.925
41.885
58.3825
50.2
27.745
34.9875
63.39
83.7275
75.0375
57.58
60.3875
51.175
67.555
54.195
50.4625
72.805
73.8175
52.225
81.6825
50.38
72.2025
76.22
55.0825
22.0475
34.7025
58.415
46.61
51.645
51.5875
45.88
39.38
65.0675
30.4925
54.6875
45.0325
57.765
49.9575
52.5975
55.0375
56.995
48.21
41.4525
81.7275
66.785
48.0925
30.3575
56.79
68.6375
60.565
46.26
51.26
60.4275
51.9875
66.405
49.8625
66.7
62.745
37.6075
57.7475
78.8125
41.71
58.345
46.4475
42.6075
42.5725
49.0825
47.3775
72.39
51.5025
74.12
75.255
55.5675
54.9425
60.195
71.7975
44.65
61.565
70.1675
47.82
46.695
57.94
71.425
72.8225
58.5375
53.5275
54.5625
44.505
64.16
73.94
61.4375
78.64
34.195
45.1975
83.8925
70.5175
56.87
30.66
33.7375
57.1125
66.6
55.815
63.1225
62.06
41.455
26.595
42.47
49.5275
41.3025
32.46
64.4175
31.31
61.9025
45.81
60.8875
68.515
44.9625
47.225
58.5625
55.675
62.9675
73.745
37.6775
43.5675
70.6225
66.3125
48.1525
73.9375
51.235
51.98
62.8375
81.9825
71.8875
68.475
64.75
67.8525
39.8825
59.7
51.8275
80.56
68.3075
44.4525
63.4
92.115
65.51
65.785
68.9425
54.585
66.59
66.9925
84.12
51.8675
71.47
61.92
55.655
42.8175
62.2325
53.82
52.63
22.0275
66.95
68.39
50.25
57.875
54.6175
72.3775
40.135
32.335
83.97
39.5525
23.68
76.5275
26.84
82.2275
46.275
76.085
56.97
61.5475
40.8875
46.2725
34.4275
63.6025
81.965
74.59
64.95
56.215
53.0125
58.045
41.605
76.6825
43.1725
51.1075
36.87
52.285
70.0475
44.65
60.2525
38.9425
30.3625
36.69
53.9275
40.1625
59.055
80.9725
57.1675
63.565
44.95
39.48
47.0725
58.185
70.9275
78.285
54.5475
65.0775
41.87
66.8975
71.505
86.1075
69.4325
35.08
54.7675
75.76
65.245
45.51
65.7125
56.7
76.305
37.865
64.535
32.7275
53.81
65.6325
62.995
55.6575
71.4325
65.4175
65.8425
47.5025
71.955
43.8725
30.765
36.145
27.3525
56.0125
74.2125
53.72
67.3975
52.635
59.3925
49.195
42.7325
67.0575
66.045
45.7
44.93
66.25
45.6275
72.6275
33.945
54.9575
78.255
68.1125
69.0825
41.9025
50.6675
57.06
65.385
39.4275
66.155
29.985
73.36
43.45
36.1875
59.2425
47.01
65.0025
48.9525
64.215
39.1575
74.17
46.36
49.2525
38.0425
42.93
49.8325
62.1225
34.2475
66.76
77.3375
69.915
52.12
67.985
38.0825
62.8225
30.4675
62.26
54.64
36.505
34.47
69.2975
56.745
54.1
49.9375
87.0925
36.725
44.05
66.19
55.8825
57.195
63.9775
65.69
45.38
54.725
28.6525
77.5075
62.28
51.6625
71.67
42.1375
39.995
69.48
37.335
45.4825
48.91
66.2225
77.235
54.17
67.305
43.475
53.4525
29.9875
63.41
46.1725
49.5975
60.3975
63.705
65.135
73.565
65.44
69.1975
31.825
53.825
62.4025
72.4675
63.4425
41.095
32.625
40.8375
61.44
68.2325
76.3075
62.9275
46.5025
42.365
79.8675
56.335
67.0125
57.1475
68.8275
68.4425
64.3
60.125
67.515
49.8675
51.1
54.285
56.7925
40.3275
72.2625
69.2075
56.5475
62.89
84.215
76.5475
39.5825
37.82
61.0875
32.06
81.285
51.0
60.7575
69.945
60.99
51.72
74.06
69.9575
38.8075
66.6625
49.29
70.51
57.0075
49.2825
62.545
60.4675
60.39
75.245
69.6675
55.7175
54.07
36.6075
83.5325
29.18
78.0225
79.8775
51.92
37.0775
71.525
35.9525
75.07
69.0725
49.71
79.5875
56.105
65.5125
74.61
58.1125
41.16
80.975
55.55
45.6525
56.9775
66.515
30.37
65.3975
52.3175
64.4075
76.8425
65.2125
36.6375
29.2375
36.7625
49.9175
61.485
64.0325
69.545
72.6075
82.2875
45.6375
35.9325
56.0125
61.705
60.4425
38.5075
66.7575
64.4575
65.51
71.575
41.3925
60.28
27.255
59.8275
61.3425
72.0975
75.6
32.32
54.3475
66.02
69.16
49.43
49.395
49.43
63.3725
70.3775
55.6225
65.2075
24.895
65.815
41.655
45.0925
30.3525
64.2075
33.425
42.3575
45.62
59.0225
60.31
32.64
64.41
52.195
83.285
29.33
17.405
43.77
54.92
57.8525
62.525
33.925
54.8675
70.5425
45.43
52.49
74.085
66.5975
62.175
63.64
44.2325
60.7375
73.025
71.88
85.3625
76.31
44.8375
58.93
62.3925
50.0375
47.1425
49.5625
63.2425
64.7275
41.0375
41.7375
57.0775
59.6075
71.5825
68.6975
60.5475
74.23
52.365
55.2825
55.5
77.0725
60.42
44.6925
40.465
67.565
70.7925
53.1075
56.9775
69.9575
40.7225
74.145
68.255
72.9425
68.5275
65.3275
42.755
72.28
68.445
51.9875
55.5
57.57
72.6875
72.595
80.7025
38.175
56.51
63.6625
69.835
59.6225
38.8025
35.2475
67.985
67.67
43.225
60.0525
53.0675
71.445
60.8225
50.9925
43.7375
32.07
47.3525
76.2275
54.875
56.145
72.355
44.0675
58.92
43.095
39.515
57.8075
41.8875
51.175
41.425
67.76
40.6725
75.9975
60.8475
45.3875
47.23
48.885
64.665
42.29
71.33
59.0425
47.405
63.795
68.145
72.6325
47.05
47.1125
77.4
27.0575
36.905
27.41
75.165
77.2325
55.785
48.2
54.18
61.935
40.8675
56.5425
72.77
45.3575
49.16
47.31
57.65
45.2475
64.815
55.28
77.355
81.6175
74.41
43.2675
68.9
62.7125
80.76
74.1425
61.8225
64.145
67.265
59.9
47.1625
74.9875
49.2075
66.7775
68.7775
59.3825
75.055
60.06
58.79
47.275
57.8
37.655
49.3875
44.5475
69.9675
59.085
47.5175
74.4425
53.4675
68.49
39.0575
59.125
54.6
45.4075
63.985
37.0625
65.03
53.2875
44.835
56.2125
57.815
82.8625
54.075
33.5925
63.045
48.59
63.4125
74.7975
61.085
52.885
61.81
42.9275
82.835
54.8
79.885
65.63
72.4675
45.82
70.3375
70.2125
45.6275
55.715
34.9175
42.05
60.5975
33.8575
62.28
80.8225
45.185
72.5025
51.4325
69.315
63.35
49.1075
71.9325
42.665
55.69
53.7575
47.5875
64.075
86.1925
36.75
72.8525
42.67625
72.835
66.5225
40.2825
53.165
64.2625
36.54
56.3925
78.07
66.0275
60.0325
56.425
42.29
36.9
74.4475
50.205
37.005
52.07
84.885
40.415
45.88
59.4125
76.1425
63.805
48.48
63.785
64.2825
57.9
25.7875
74.23
56.5375
64.43
51.665
63.1375
44.9675
49.805
39.7125
43.7325
62.97
79.8375
59.44
47.3975
49.09
52.755
43.9475
46.9
56.2125
68.985
59.34
41.2625
37.9975
66.1875
82.275
63.57
69.735
27.1525
36.8225
49.205
69.745
69.3575
72.1875
51.3775
54.8525
44.191
45.4775
47.0725
49.5225
48.3525
37.41
30.2225
24.1
52.745
52.4725
34.43
50.8875
52.5425
74.0975
62.4025
46.33
75.325
64.1225
66.89
57.9875
55.6375
53.595
52.7325
69.645
47.62
61.23
47.165
55.1775
64.6825
53.8375
58.9575
57.7675
40.255
57.115
40.5475
55.4125
64.6575
71.085
62.62
55.0025
71.685
70.1775
52.645
64.3925
69.935
66.1675
53.8125
56.75
58.8275
57.5075
60.3775
67.6725
63.22
41.885
39.01
67.4175
61.7275
49.545
57.925
49.9575
39.905
47.99
82.9425
76.9525
67.305
53.895
80.11
49.6375
39.775
34.6625
44.1125
47.9525
83.8475
46.365
53.1925
80.9875
73.38
66.8125
63.68
61.595
70.4375
75.5275
42.3475
83.595
82.37
59.21
56.5025
46.43
60.3825
68.4775
54.6775
36.3225
36.6075
41.3
28.52
47.7175
50.0775
53.645
60.43
64.8
59.5425
51.9275
39.2875
37.7975
76.155
51.1725
40.9775
64.57
80.8825
46.5925
40.395
84.655
64.5425
73.7975
61.9275
55.675
41.005
64.1175
59.065
54.5475
62.65
43.6425
35.48
54.93
64.05
52.8375
72.7025
72.9075
71.8675
52.9825
34.135
61.5575
46.6525
53.2925
31.545
45.445
45.805
67.665
65.4825
47.7725
60.3075
80.8325
49.79
59.47
61.16
31.19
44.7975
85.42666666666666
56.5725
68.4025
49.885
83.8325
73.955
59.9075
57.3
61.9225
60.6825
74.1175
54.0975
33.67
54.695
78.94
75.8125
54.185
56.085
55.7175
43.895
66.985
59.7075
66.39
42.9775
55.0425
64.82
57.435
43.13
73.2625
41.655
52.9475
74.555
77.3275
63.64
84.62
57.595
87.8775
47.26
58.125
53.9875
33.58
78.275
67.145
35.6025
40.7325
46.82
56.75
46.3725
29.8175
49.76
47.7275
66.9425
44.5575
50.6275
58.0275
60.615
76.3825
52.0275
60.8775
42.2025
66.7675
43.48
50.265
48.2075
54.2525
47.1375
51.2225
37.8775
43.42
60.2375
42.515
50.2625
77.5075
68.225
52.2125
60.2375
67.4525
41.87
66.545
44.2575
71.54
63.6625
56.22
51.255
65.3575
29.425
72.0025
35.8325
38.57
42.355
42.935
72.2875
73.5475
44.5975
49.245
29.01
53.855
63.68
54.515
43.7475
42.2575
68.545
69.7775
54.9025
64.515
51.6675
56.2325
27.5125
55.8825
72.0675
42.52
59.445
66.7325
43.225
65.305
59.6275
84.595
54.095
51.0325
59.0575
30.1775
41.9975
56.3625
74.2425
65.0925
50.24
67.23
48.8525
62.6175
50.87
55.6675
53.9725
68.7425
60.8625
47.175
36.1325
32.7875
59.6075
43.1725
83.835
58.2475
48.94
38.095
55.5475
39.0125
35.9175
65.4875
77.545
54.23
52.255
53.99
64.1225
62.035
67.6675
37.47
61.5875
41.3475
63.2575
46.3725
45.0775
69.8075
60.5475
61.5675
70.46
64.1
62.22
36.89
83.67
81.5425
68.4125
50.525
51.485
69.35
45.1325
45.605
44.83
64.2725
49.61
47.2825
64.485
71.0375
63.31
69.9225
47.56
69.89
53.3225
78.4025
47.515
54.825
67.5925
48.07
52.3
61.635
58.025
43.325
58.9275
35.145
35.745
75.3175
40.97
55.0175
40.515
40.82
67.27
47.22
73.2525
29.23
35.195
65.39
38.9025
25.765
73.93
50.2475
42.9825
42.5625
50.6525
59.695
57.72
53.86
72.445
45.25
49.22
57.0375
61.14
69.82
81.0775
23.215
45.52
82.0525
34.0675
37.99
22.8825
44.985
74.54
47.925
33.8325
48.4425
40.5725
36.67
67.7225
37.63
85.7825
49.4125
35.9375
69.1675
71.5525
46.5475
52.5425
49.9175
61.475
57.1025
22.8525
54.115
43.635
34.9425
51.085
49.415
52.6275
20.89
43.0975
54.515
48.87
39.6725
46.245
51.815
69.5525
38.1425
70.2325
56.0125
39.025
62.71
19.875
86.3725
52.955
45.8075
48.7825
43.2625
60.5
62.26
57.3825
62.415
39.795
69.865
48.9025
65.2825
86.6075
68.22
46.4825
54.76
38.325
68.53
47.115
76.535
69.2825
47.4225
48.135
65.5175
49.9475
44.3625
63.6375
55.3775
65.6125
49.885
46.1975
32.3375
47.5525
70.6025
73.3475
55.5275
45.2075
46.0125
39.05
53.1325
62.1775
57.5725
65.085
66.245
50.93
36.4775
34.1725
53.495
51.5875
48.31
42.8675
46.355
57.6775
62.1575
64.5825
48.0775
39.88
59.975
77.6725
69.0675
63.94
69.2
69.515
80.2575
63.3125
53.055
59.1975
29.57
40.715
46.6425
54.5525
68.83
62.165
38.89
80.1475
38.88
47.4125
38.94
40.715
28.8275
65.015
53.695
58.2975
76.605
38.64
47.43
43.1725
53.355
38.0375
65.595
57.1075
46.39
48.2325
74.725
50.4425
46.9375
62.31
34.7575
54.15
58.7875
60.6025
42.1675
72.4725
61.73
66.3675
59.25
60.32
41.59
36.8825
26.375
48.5175
68.6475
72.7925
74.73
61.4475
46.04
73.805
26.6
66.2925
20.2425
53.85
64.84
53.98
68.1725
66.595
70.7775
59.18
52.1025
44.6175
82.3275
62.265
56.46
52.5675
63.7525
56.1025
31.835
56.6325
50.675
51.115
58.51
55.0375
76.115
75.8
40.56
60.69
50.4325
62.135
64.7275
43.73
64.99
43.265
58.1575
56.4575
53.86
36.53
59.8075
51.37
40.1275
65.505
52.7675
64.64
43.155
66.41833333333334
44.9425
62.4875
68.0625
46.6625
79.89
50.285
79.920625
60.07
54.035
55.515
56.81
64.81
67.54
38.55
40.14
28.51
82.0675
64.36
69.4075
51.7625
78.1125
55.2525
36.8225
79.9225
77.2275
64.9025
37.0525
52.8625
60.82
65.8625
33.1225
28.925
63.613125
54.2025
54.525
33.865
43.94
44.65
59.8175
53.1925
56.2175
58.0725
68.345
66.1375
45.1425
48.255
41.6775
32.005
64.64
47.98
45.6725
63.3925
54.0525
57.24
58.1675
60.4325
44.87
45.1225
47.2325
43.6775
44.1725
63.655
51.3625
55.7875
58.945
58.1975
75.7675
63.4975
40.8125
45.6525
43.6225
55.305
43.4425
43.815
51.9975
64.2925
57.195
27.805
39.5475
40.425
64.43
60.3275
28.0375
33.3075
65.83
66.7675
64.8325
48.0
70.36
69.505
63.4425
66.995
41.665
23.9725
56.7925
47.9275
57.905
49.38
54.31
34.3675
48.5675
44.915
24.855
75.725
51.1025
59.4875
79.245
65.6375
48.8925
27.085
71.575
70.34
60.765
68.9025
36.915
61.055
65.6025
51.02
64.4275
50.265
41.94
59.985
73.3125
65.3875
55.175
49.46
46.4975
59.16
41.33
71.06
49.9725
59.0725
59.7575
62.195
72.0525
68.935
52.1625
63.5575
56.7125
56.0675
36.695
63.81
59.78
35.0025
31.7125
45.8625
37.2125
56.5975
51.215
62.975
70.7125
33.7275
44.4375
65.16
61.9725
73.6425
53.3775
63.595
62.5725
65.895
42.33
39.19
44.15
71.7925
41.8225
56.4725
68.39
81.4675
50.7575
46.12
78.115
54.055
46.54
53.5625
48.1075
48.575
73.785
58.99
43.475
49.4025
30.7475
52.6225
54.025
53.7125
33.22
52.02
50.1175
46.0525
46.76
59.955
47.365
64.0725
76.5525
34.13
54.285
54.01
43.91
42.5
62.1125
73.085
38.6625
59.4925
45.06
34.91
45.2175
37.955
69.6975
52.765
50.955
35.9375
68.38
44.555
81.81
40.8825
37.0475
49.02
40.4375
35.4125
44.9525
53.785
44.8225
52.295
73.6275
50.3575
48.58
46.29
60.8075
60.0175
94.0825
65.2225
64.125
47.3975
60.8975
37.6
38.7175
61.7
48.145
57.9175
66.375
60.985
63.3875
62.12
45.0
24.975
47.5425
88.1975
47.485
63.8875
35.535
89.265
56.045
83.675
70.625
48.4275
56.84
47.8875
69.425
80.1525
66.8475
81.495
74.29
58.1675
78.84
75.585
52.09
55.73
71.225
68.515
69.7025
44.72
66.14
61.76
58.8075
48.67
36.35
43.6925
46.75
54.465
85.235
63.275
36.2225
81.715
42.6025
53.64
31.4275
61.1175
82.19
48.425
62.6125
51.43
59.18
51.67
83.6425
46.0675
51.645
43.3325
62.235
63.655
55.635
33.57
62.8925
56.88166666666666
45.995
74.8125
31.99
78.285
65.685
47.495
49.355
61.195
75.1875
44.8225
50.11
90.43
60.52
70.975
73.0025
57.695
36.065
93.5225
75.5775
44.0825
60.3125
46.87
42.965
61.765
54.3525
28.8975
35.3275
20.32
76.9825
51.54
49.725
42.7525
61.5425
72.46
45.5275
44.8825
66.9725
74.4875
60.7175
32.5875
67.925
38.0925
58.76
46.4875
74.42
58.14
76.545
48.36
70.22
79.04
77.9675
45.0875
69.855
36.315
75.0575
73.65
52.4825
70.755
60.6375
59.4325
85.03
60.5025
58.245
73.56
57.851000000000006
39.675
89.39
74.4925
85.11
58.315
57.405
33.3725
66.42
68.1725
61.04
47.8725
44.8025
44.15
78.065
51.3525
74.1175
41.725
45.9625
68.61
31.995
48.395
67.7775
48.3925
56.225
63.1875
40.2125
43.315
65.61
45.105
46.1625
44.4675
58.56
53.2125
56.63
46.975
54.4175
45.5175
32.2925
55.43
60.105
67.61
52.235
36.5725
51.4
46.8475
52.705
45.4025
44.2975
56.5625
64.055
43.41
45.5575
73.9375
45.3275
51.2075
70.93
46.7125
40.5225
63.31
48.5375
50.55
54.3625
36.08
60.6425
54.1525
75.8
60.1775
40.935
51.12
61.805
78.8375
84.8025
56.78
61.25
45.2475
54.93
33.1375
47.1125
63.3525
57.4
58.855
54.6
60.3675
66.42
40.4075
58.58
46.9675
35.79
69.5525
80.38
38.865
44.7875
55.9
30.5725
44.27
68.2025
60.35
55.2225
48.9625
45.18
56.4175
51.4175
72.7475
53.7875
47.625
79.6275
51.1675
54.3525
38.11
65.9075
62.7875
71.3625
49.2975
57.7075
35.25
76.5125
75.08
47.705
51.0725
67.4625
63.0775
69.415
46.34
58.8475
54.32
51.235
44.69
39.39
56.8175
64.845
50.455
48.6
15.72
45.97
34.9175
38.5875
43.455
54.93
60.655
46.9375
66.22
54.7675
40.17
79.6325
47.485
68.55
51.035
42.155
68.815
71.1125
38.985
58.3275
44.625
54.9625
70.9975
29.095
32.6225
48.66
53.04
73.1025
49.3225
55.685
79.705
51.175
46.935
78.97
61.06
31.5525
54.2575
26.04
46.7425
47.0975
46.46
37.63
72.0725
31.975
45.09
55.855
43.65
69.915
49.155
51.3625
59.3175
64.4375
67.105
34.2475
41.1425
57.2075
60.4025
24.385
25.0825
65.1775
56.15
42.66
21.5975
50.64
42.985
57.35
68.8675
64.415
57.9625
69.7125
68.9025
63.8025
47.13
54.3275
59.1475
49.4825
65.745
65.4775
58.7825
47.82
57.0075
65.225
76.815
61.39
63.7675
66.4675
62.1975
69.5375
57.245
71.6825
29.4925
54.5325
61.6175
59.6975
51.2025
76.4375
55.4575
69.86
44.01
32.625
50.27
58.04
48.8
37.5625
61.8175
52.125
73.185
52.1475
55.33
85.3375
74.9
33.895
39.635
39.2875
64.3175
69.1325
61.5575
79.3275
40.48
55.8675
62.66
37.5425
78.305
63.55
56.73
58.385
53.52
46.2375
34.44
72.04
52.19
52.0675
52.015
71.645
71.0
66.14
57.47
50.1125
50.395
36.24
55.725
73.9425
57.805
65.385
50.775
49.58
57.8975
39.82
53.0975
56.425
40.2075
69.3625
71.135
51.305
34.0575
57.9675
40.0175
61.405
55.3675
40.325
49.0975
41.8525
75.115
68.4275
42.5825
59.0325
59.05
40.5875
38.7025
70.6025
73.025
37.5675
40.6175
45.8275
47.7525
42.625
36.94833333333334
59.59
49.7675
75.86
55.0125
64.66
66.0675
53.0625
70.99
50.0525
58.88
86.4475
62.3275
71.585
80.36
86.0275
43.0
65.5275
42.4275
40.0325
33.3375
51.7575
54.99
32.955
58.7
70.8175
78.775
58.84
57.08
68.3325
55.3425
54.285
71.4175
40.8375
26.235
78.835
53.515
56.9275
68.4175
53.835
46.22
43.025
40.8875
62.9275
62.725
78.0275
63.1525
39.4425
61.9275
65.14
46.63
53.8425
64.155
81.755
65.115
47.67
58.68
62.0175
59.305
55.7325
76.6775
46.02
50.7975
68.725
46.0075
51.5875
64.3375
59.8
31.9025
49.53
41.205
39.575
40.21
56.4
55.2075
53.4175
38.49
47.71
54.6525
77.8225
62.5175
31.995
66.14
58.785
43.6625
49.4375
52.405
48.475
68.03
54.17
30.81
46.5475
67.5775
43.1175
49.9825
49.0825
68.23
63.18
84.78
57.1675
53.895
50.1575
61.2775
53.2825
41.6625
42.92
57.88
55.1725
65.3375
58.03
56.4825
56.7975
56.915
55.125
56.9475
52.6925
50.0475
58.595
40.0775
75.9225
42.32
52.4
78.0225
71.345
63.3475
61.2125
59.2725
59.6375
46.24
41.2175
54.5275
33.93
48.0675
68.1675
55.6125
80.1325
51.2575
63.3275
49.94
34.45
67.8175
75.3225
75.915
63.4875
75.0225
42.3125
77.725
68.455
41.315
50.33
60.08
65.375
59.34
41.8975
22.085
58.7075
50.65
72.745
52.4825
43.1925
59.5975
38.8225
47.8725
46.06
46.9625
63.9625
49.3975
53.5325
32.8025
44.4275
53.975
33.7675
66.405
58.535
39.8075
42.955
56.285
63.5375
85.275
69.085
50.8125
66.8975
57.985
52.0575
42.135
35.8125
84.7025
32.8925
72.935
27.7025
64.885
43.9475
86.1425
37.73
64.995
55.36
36.4475
42.875
79.365
55.81
55.3575
57.6025
47.17
43.4425
76.875
33.0625
61.8275
76.5275
64.0
41.485
74.8275
68.5025
44.08
42.6125
58.3925
45.1825
48.1725
66.65
37.7025
40.0975
45.72
47.9675
55.645
50.15
48.9125
35.605
46.505
46.31
52.3775
36.6525
43.9925
74.465
63.9825
63.335
75.205
41.48
60.44
33.265
37.3925
37.3525
61.295
70.9775
32.31
54.7525
61.2025
68.9475
35.2775
47.4725
59.2175
50.94
76.955
60.855
69.345
57.9175
53.535
51.03
41.8275
38.8825
72.565
67.86
37.555
33.1325
60.2625
72.0
65.665
29.57
57.48
56.0
69.54
42.3825
80.465
68.7575
73.385
69.1075
74.86
54.5825
45.4975
52.7725
69.845
41.085
27.8675
58.0475
55.745
60.8225
30.9725
38.68
28.4
39.86
57.6575
64.0225
71.03
37.4425
65.4075
38.055
55.5425
45.885
74.0775
51.1575
50.9725
56.7275
54.5625
35.07
59.0075
54.565
64.21
55.3675
33.205
76.4725
48.785
44.8175
72.235
55.3125
66.3075
57.9125
63.4075
67.8425
34.5925
41.435
56.6225
53.905
50.0375
49.4575
77.48
63.515
45.795
35.615
63.225
55.44
22.33
51.33
65.7875
49.7375
59.94
46.585
58.3875
53.42
41.64
66.6475
45.1425
47.25
33.4525
64.4675
49.3475
54.6425
85.41
29.2075
57.63
63.775
68.2525
65.315
48.425
53.08
74.5575
57.8475
41.8225
38.93
45.59
29.135
43.0125
35.035
60.765
73.4525
54.835
43.885
40.9625
55.105
60.0825
30.4175
33.845
58.6
57.64
52.71
58.455
43.6175
58.44
54.985
52.44
61.5325
66.175
35.7825
74.7625
58.73
47.02
63.5725
66.965
40.8025
58.7
61.8725
64.2075
33.4725
65.4325
57.095
66.37
46.6
68.4525
46.6275
64.25
54.2175
53.6725
68.6425
79.61
53.7175
52.9575
69.75
69.355
62.99
60.705
34.545
56.0375
44.9775
38.485
72.255
68.71
42.9725
63.1025
64.525
54.8825
40.7825
32.3925
41.8025
75.545
47.2175
42.655
55.11
52.885
51.6
41.265
53.2125
74.2375
56.945
65.4025
38.435
54.345
61.3475
73.985
70.5125
45.95
76.6325
75.6
79.6025
55.805
65.5825
44.87
79.51
40.9825
72.8475
44.6275
55.9175
42.0775
57.2325
45.0875
68.98
66.0725
37.6675
49.4225
52.615
63.25
74.4225
29.745
62.595
77.8625
76.3
68.87
58.95
50.8575
75.2325
52.99
40.2325
43.605
54.7425
84.04
66.965
55.615
46.6075
49.05
60.1675
65.245
63.26
58.2175
39.1525
43.765
49.615
63.155
57.2675
66.955
64.0025
45.4825
50.18
58.3875
57.3575
61.5975
50.885
39.09
78.2325
61.37
55.985
80.715
51.335
73.995
28.4775
59.615
32.6925
74.0425
60.0575
46.77
41.765
32.585
58.4425
31.535
41.5875
59.5025
58.7175
63.905
62.19
43.4825
71.2875
49.21
78.9575
34.6875
42.555
58.5225
75.0625
38.94
72.2875
63.725
81.275
60.405
67.72875
44.225
49.8725
54.1375
59.725
40.9075
35.6325
88.15
56.5675
74.825
52.4675
55.6075
57.46
73.975
42.1275
52.865
52.935
47.17
79.9525
56.81
78.4875
47.2225
50.8525
49.43
57.8225
26.635
62.6
41.2525
77.6525
65.4775
59.895
47.3125
72.2525
68.3
57.385
67.0975
64.375
56.89
28.9925
57.57
88.69
69.5375
48.1475
66.87
56.4825
70.065
57.3325
56.3
61.9875
61.2475
78.845
58.155
53.85
73.8975
51.4025
55.34
71.945
59.515
70.6875
43.8575
42.7125
29.0925
41.8125
44.7325
60.0825
55.2075
79.0
39.9075
55.735
49.8725
38.2825
35.6175
36.71
63.14
43.095
52.3875
42.1475
38.8175
49.905
50.0875
52.3275
54.08
51.9125
67.55
61.835
25.02
61.0725
65.485
39.7925
43.31
56.8125
66.8525
47.055
42.5975
52.8575
60.2225
68.2725
79.255
66.2975
59.12
77.2075
70.1125
73.425
25.7425
65.77
64.325
44.325
30.7225
79.545
60.67
54.4925
46.235
36.21
38.095
64.6
87.0175
64.34
53.785
69.76
56.3775
55.8275
42.3225
64.365
65.8975
31.15
43.0275
46.8925
44.1
39.185
32.255
50.93
65.905
44.955
22.315
58.97
33.6025
41.0875
64.6075
85.455
45.1375
62.475
47.5075
69.06
54.33
34.015
37.53
32.9825
73.41
57.8575
39.5525
68.2925
51.3625
44.3225
78.055
36.625
39.9975
41.39
77.385
82.41
63.2175
69.9325
59.725
79.4575
55.44
36.1225
36.3725
61.0375
64.475
49.7525
52.83
50.0675
58.695
55.615
47.6
72.095
64.7425
59.81
64.0525
71.325
72.425
50.0375
37.205
41.19
38.7425
78.88
38.185
51.73
28.0375
61.595
66.495
72.8775
51.6375
40.0225
50.8725
36.6475
58.725
74.2425
58.67
60.02875
41.9825
69.7975
42.9725
77.06
31.7775
55.4825
59.0
49.485
64.7125
40.885
45.8875
87.9075
44.39
62.2275
70.59
37.795
75.815
35.7975
47.7275
64.725
86.545
64.19
58.5575
61.2775
46.9075
57.09
46.24
49.985
59.7575
31.24
47.2675
48.57
53.9075
82.955
40.3625
57.1875
57.35
48.4925
34.825
62.1
64.5975
40.5325
51.7475
31.5275
69.26
44.6125
44.06
30.275
35.7825
49.22
52.29
33.2625
52.9025
55.355
48.9725
53.7175
74.545
36.1875
71.79
73.255
54.5775
70.31
44.0375
65.4075
39.4375
77.465
55.38
52.19
48.6625
72.195
59.0325
46.17
42.94
31.805
47.7025
41.895
42.6075
65.57
52.115
55.235
52.6125
69.38
61.28
48.9675
55.545
47.7325
54.8425
46.24
60.115
43.95
65.415
68.1875
56.97
53.275
54.0075
60.375
57.095
74.955
78.55
50.79
49.7075
36.53
69.6425
64.6425
71.66
49.8375
59.66
53.0525
42.3425
42.14
54.28
48.62
35.7525
34.355
70.94
68.9575
68.24
29.4075
64.4425
73.395
59.2275
50.6225
33.115
66.3475
25.005
49.9875
60.235
61.7525
63.4175
55.6025
26.49
41.7775
58.0075
31.9775
65.2425
39.145
44.735
64.02
55.895
66.20625
55.695
59.7525
47.57
46.9325
34.905
81.3225
45.32
43.8175
77.5175
51.315
55.67
72.685
42.86
48.2575
29.750833333333336
41.4225
78.57
27.4575
45.2675
49.87
49.365
40.7025
72.6675
43.0975
42.485
32.8275
23.61
55.3875
44.065
51.8625
67.1475
31.92
62.0
31.79
43.7
35.8775
45.975
70.0475
60.1525
72.9775
39.1025
56.1025
49.2125
62.675
81.4525
63.795
29.36
53.27
51.3475
74.13
62.8025
37.225
52.645
78.135
43.9025
61.965
60.7225
37.22
35.97
46.6825
30.81
59.255
76.7975
38.4875
49.7325
61.6675
35.5225
42.9325
35.0675
63.9475
41.885
37.935
65.8675
54.8975
52.4575
55.445
32.1
75.385
51.51
24.485
58.1725
68.66
77.5375
84.7275
36.855
39.9425
45.33
39.585
85.2325
47.14
37.74
57.6025
62.2275
29.51
49.0475
24.9125
35.4825
57.965
58.4525
59.88
73.085
46.4975
62.855
58.615
65.7825
53.4325
57.865
57.6725
69.28
54.3525
46.92
50.6575
26.0025
69.55
59.135
52.105
78.2825
54.05035714285714
46.93
48.455
44.6775
40.4425
57.155
70.4075
51.79
67.3875
66.3625
34.8475
52.55
83.9625
28.6875
56.3525
48.87
54.4825
63.11
28.7275
45.8075
75.6275
51.37
69.0275
46.3225
43.88
29.3075
63.1025
26.8375
52.015
52.8175
48.5525
51.32
68.8725
55.6925
50.875
84.605
62.4425
54.14
69.285
74.62
47.395
88.5975
69.62
46.2725
60.6225
66.275
65.34
41.9825
69.485
59.345
51.9375
57.65
65.4675
53.9575
57.4625
26.16
77.15
49.9375
52.025
56.185
50.3975
46.3075
29.915
45.205
78.9375
44.89
34.9675
54.06
57.875
48.9975
46.1075
66.145
75.1575
42.68
41.395
36.355
29.4625
55.36
71.91
33.26625
56.27
68.9975
48.4025
57.9325
57.05
56.2025
64.18
35.93
59.5875
45.275
50.815
45.3125
62.5525
35.445
71.7475
62.14
55.4175
58.6625
43.2325
69.6375
77.7275
57.125
53.2125
67.74
57.965
37.2425
47.3575
56.2625
29.66
49.3375
66.2
49.985
62.84
72.7425
64.3
47.5875
54.0075
34.3975
51.35
47.455
47.4375
45.5175
40.39
49.09
37.1525
54.5775
55.41
63.69
37.115
32.688125
51.8675
80.975
58.2025
70.3825
46.7225
69.5375
58.73
44.5375
56.2175
58.7875
40.9125
55.74
78.7925
58.9425
49.1225
79.565
65.9875
42.105
47.615
50.325
54.8025
71.0375
72.8875
87.3525
37.08
71.5875
52.145
76.4025
55.69
62.3525
85.0075
50.3775
54.7575
54.795
43.565
77.3075
64.435
63.5675
50.435
56.265
45.315
64.79
46.5575
60.0775
72.3
43.265
40.5525
70.8775
69.655
63.3525
85.4825
67.06
29.585
53.455
66.82
63.8475
36.1925
67.9525
39.3475
59.175
43.675
50.8875
55.97
64.0275
71.7525
53.375
57.2475
76.065
67.8225
50.8925
40.8175
68.975
64.325
52.585
65.51
49.6675
50.84
68.1725
56.7025
65.575
63.31
69.5675
64.9525
59.04
68.6775
56.3225
69.41
46.31
48.06
64.3075
42.6675
47.0675
54.365
53.2
44.7775
27.1575
62.11
73.84
72.5325
48.0625
30.49
61.72
53.2
45.1525
55.065
65.8575
53.2425
52.8225
57.5925
50.885
80.14
34.485
44.7375
66.9525
77.435
50.0475
53.5
60.885
57.7425
51.5025
46.7075
49.28
56.5425
57.72
71.5375
37.245
60.9225
51.145
86.6825
69.7475
82.8775
36.6275
47.085
67.4625
41.9925
43.87
22.9475
62.785
56.26
43.565
35.2475
72.4075
42.885
56.86
87.045
77.3025
47.375
60.1625
70.705
57.505
65.05
45.6425
39.5275
60.1025
60.01
71.545
38.44
35.0625
56.215
32.9925
44.4925
65.1025
35.2375
43.955
39.1325
29.6725
79.5275
58.09
62.9825
73.465
77.805
50.22
52.2925
47.3975
53.7625
59.14
57.175
60.2275
37.4425
48.375
68.8825
48.33
43.6075
76.1925
57.26
64.73
77.545
58.545
45.5975
33.96
66.5825
41.865
60.5975
59.6425
65.8825
78.1
38.6175
77.1375
52.87
69.9125
68.32
52.045
29.035
60.2325
41.9525
58.1975
51.7775
79.19
68.2425
31.3375
54.7575
68.755
49.775
69.0375
53.5225
50.485
71.1275
53.8425
39.7475
36.605
70.8225
46.79083333333334
66.4225
61.915
85.95
50.36
66.945
42.5675
64.5275
60.595
44.78
53.5
42.3
27.545
26.4575
44.15
31.3725
72.92
46.6125
43.4325
52.77
29.135
66.44
61.2325
70.11
48.3925
70.6175
38.1225
66.4
70.42
59.825
45.555
52.275
68.9425
46.7375
58.225
57.7225
65.765
82.4875
70.775
54.6025
55.4475
56.43
53.44
50.8075
45.605
48.6175
72.205
37.225
70.125
48.385
70.5175
65.0175
73.275
55.8175
50.03
28.54
57.2825
71.475
49.615
72.4825
54.785
42.4625
53.3525
74.6825
65.5525
55.095
45.485
59.7275
46.93
66.45
75.985
52.5
75.4225
53.1125
61.7075
49.965
36.9225
68.18
73.1975
51.4875
36.56
54.825
66.105
79.805
59.27
36.21
39.095
68.485
42.295
51.4625
32.4725
44.4675
63.675
50.18
44.1525
54.4125
27.795
59.95
55.31
21.24
79.44
49.8575
55.545
40.9075
49.74
74.765
69.4025
73.8275
58.5
46.74
44.88
56.2325
50.285
64.135
52.7925
51.0275
43.45
52.8275
58.2125
60.635
68.445
58.7625
56.5625
64.5125
47.005
64.5725
63.16
28.4325
60.83
53.7875
79.7625
78.1475
56.065
66.3675
34.25
62.3325
50.035
57.5625
48.46
54.0475
59.8275
52.1125
35.335
47.865
64.755
69.585
88.5475
53.855
65.1275
58.2625
35.49
59.015
45.26
27.515
48.07
51.9075
41.3925
56.4425
58.9675
43.1675
67.395
50.99
53.815
67.0125
48.9025
75.7125
42.3825
46.0125
38.6425
51.8525
67.735
43.97
32.2425
46.3225
63.24
60.2925
62.5375
50.3675
65.8225
69.5225
46.535
69.3425
59.85
48.55
79.06
64.26
67.19
35.4275
60.8825
82.785
62.3425
60.585
59.8925
76.8175
32.8475
32.57
43.1575
34.885
49.0125
46.9625
85.0
59.2175
50.03
53.5075
35.5675
42.3825
57.565
58.415
51.1575
28.895
64.39
68.355
45.31
57.1775
36.2325
70.6975
65.9525
53.67
69.1925
35.61
73.2975
31.6075
41.155
71.7675
68.05
61.3975
49.2
76.5175
82.43
38.2225
43.63
56.22
58.31
42.34
40.5725
48.0825
62.0675
37.0125
41.0425
42.555
48.4125
26.3525
60.195
60.14
47.0825
60.165
61.025
30.7975
45.8375
51.785
53.8725
65.55
36.25
71.0825
44.4825
64.585
69.6575
60.9125
49.015
39.4375
66.9225
39.885
43.7875
22.525
68.0025
42.815
31.45
52.4025
55.93
35.755
38.64
56.005
51.2675
74.24
37.8175
57.4625
38.775
69.855
50.9975
44.7425
53.12
48.4725
37.8775
38.895
50.85
50.4175
64.815
73.7325
84.375
70.11
60.5075
67.335
22.395
72.0275
45.96
40.7375
54.89
33.35
68.905
70.495
72.57
61.02
40.67
46.2375
53.76
65.66
67.5675
48.4475
79.8925
67.55
54.04
46.3325
68.92
54.83
57.8875
63.4325
45.135
47.8875
82.11
55.05
69.2675
51.4425
69.7375
46.06
37.4625
29.25
47.405
63.7525
77.6775
91.4825
58.5
54.46
74.7175
37.9975
45.25
61.6625
67.725
45.85
38.195
30.715
51.67166666666667
63.07
68.91
63.54
66.29
45.635
46.81
42.435
51.585
71.5275
53.6075
68.91
65.1925
46.595
43.2925
78.7325
71.345
65.3075
48.8275
52.3625
73.2825
35.48
35.1075
69.66
48.1625
53.2625
66.045
51.28
57.1275
42.0025
71.695
32.1
39.4375
59.3025
37.8775
50.765
54.875
78.7
47.4725
54.1175
52.585
36.5725
32.955
64.1725
55.3425
37.17
66.63
43.9425
65.8225
59.9025
68.3125
53.115
57.8575
64.9725
64.96
57.1
68.5
83.4025
70.48
46.8975
74.49
65.83
37.515
57.185
59.15
70.98
35.365
48.7175
63.7375
64.5325
63.6775
44.0575
54.08
51.1475
66.7075
69.5025
68.6725
27.9975
59.8625
42.8
56.085
35.665
48.9575
62.6775
39.9175
24.0175
52.4425
45.9575
54.785
46.2425
50.53
65.17
54.1275
46.8575
65.06
46.74
64.9575
63.6825
74.9025
51.5025
66.005
41.8425
39.29
54.8375
58.4375
43.4125
71.86
37.0825
41.24
56.495
61.1325
78.2
71.0375
54.3475
44.5175
54.5175
63.345
36.29
45.2175
52.6175
69.13
57.07
27.2125
48.9875
53.805
43.85
42.92
36.9275
76.9375
49.665
75.625
71.735
40.565
64.69
39.23
50.33
52.09
58.6275
49.8025
73.81
47.1625
56.455
54.35
58.84
60.56
68.14
64.355
59.2575
52.5
62.68
43.5575
55.9475
70.665
69.44
62.1675
63.6625
36.8325
63.6
42.47
38.2925
66.9625
63.475
75.415
68.2775
39.185
56.92
74.9725
52.0
58.1375
63.3075
79.1625
56.495
37.975
53.52
51.58
64.4725
52.71
45.4825
68.4025
33.9875
46.84
68.805
37.0675
87.8675
53.4825
73.6375
77.325
64.2525
49.7825
68.475
56.4225
26.205
69.9675
53.7775
56.6675
55.9725
48.235
48.4675
78.54
26.895
49.3925
63.5825
65.27
44.64
37.825
64.2175
36.765
55.9825
40.325
47.5075
51.935
44.4625
63.4
41.8775
39.755
79.3775
60.5325
60.5675
66.3975
87.0725
49.3625
57.2825
40.2525
66.04
33.4175
37.7925
57.2025
49.5
65.7225
66.4325
60.0575
60.1825
32.435
50.8175
59.53
56.815
49.1925
26.5775
52.23
79.255
69.4
38.205
49.7675
42.4575
72.15
64.27
52.775
53.7975
74.38
54.8725
60.4875
54.815
45.64
41.845
48.865
46.2575
55.52
45.7175
36.74
67.4225
48.06
53.0925
69.6425
62.055
71.02
64.9575
70.3725
52.755
57.8025
54.82
46.3875
57.2175
19.8425
71.8675
73.0475
67.405
63.785
44.84
76.8575
58.32
57.68
51.3625
29.7325
41.97
40.23
74.59
59.965
31.4125
78.3125
72.5825
52.215
59.795
47.615
42.2775
48.0375
38.4025
79.705
51.925
69.52
74.9075
45.6925
72.6025
65.315
27.0875
70.5725
74.08
42.3775
48.565
55.0825
64.075
42.595
48.655
79.0575
65.1175
81.365
32.7525
74.9775
56.9525
73.7725
52.6125
51.0275
71.0975
38.205
59.6975
48.425
58.065
58.6575
33.9
46.5525
66.2975
58.6275
61.3425
73.4775
45.855
47.815
40.47
62.9575
51.1175
36.5525
66.16
88.385
53.7575
58.29
92.7775
27.48
48.0825
72.5075
45.0125
52.815
64.02
69.3875
67.8825
45.8575
50.8225
40.1475
45.42
57.185
38.35
62.0325
35.9025
39.155
51.48
55.3925
77.6375
54.725
30.0175
78.9875
60.0875
27.505
84.53
49.0075
67.795
61.0675
39.715
55.97
71.17
35.3675
78.8375
65.0125
63.99
85.845
84.11
82.5125
46.665
44.185
54.5875
62.64
55.7825
85.665
27.6625
52.3775
57.41
60.99
27.2275
45.8625
58.34
57.2375
79.56
46.94
33.4875
72.49
69.07
46.9625
73.045
58.3325
60.76
29.26
39.37
74.58
44.1325
54.795
53.39
73.705
57.3975
44.915
48.9025
53.235
62.3725
55.5525
64.805
54.3325
36.9325
75.4575
48.0025
28.195
69.9225
46.3075
50.5075
61.455
32.1075
51.365
53.68
58.04
35.1425
74.2175
40.0975
37.9325
40.84
74.14
34.045
38.9075
49.705
48.4975
57.475
54.1025
40.2275
59.545
43.7575
36.0
40.0925
49.155
58.33
46.725
37.5775
45.8725
45.045
33.485
25.8425
46.5675
47.8925
65.4525
56.335
57.5375
42.65
47.6675
76.8475
41.9525
70.14
74.7825
44.2975
81.29
46.005
78.6375
57.425
47.7775
67.7825
61.5475
38.54
64.3975
40.63
60.7825
79.295
53.02
73.0125
73.3775
55.0575
54.7575
42.5325
74.085
47.4725
43.44
69.3
57.175
60.7975
43.76
39.335
70.315
63.6825
36.455
63.8775
70.67
55.4375
60.915
45.6025
75.7025
44.3525
77.4525
41.6075
32.7625
52.845
46.89
69.1225
51.335
65.67
67.6375
52.5025
57.83
50.3925
23.01
59.77
73.3725
31.0075
50.035
72.265
57.235
27.88
61.21
60.405
43.8325
41.015
37.9125
64.9675
63.2325
50.24
51.9575
73.9275
61.365
43.4925
50.62
50.4225
47.63
61.845
68.5925
48.2775
59.96
64.205
33.13
69.5725
61.525
63.0425
43.6725
26.74
37.7925
50.82
72.8925
50.055
48.6475
67.19
49.175
36.1925
51.025
60.515
69.3625
45.0
55.5125
54.8775
43.96
36.2175
64.03
64.86
77.9875
65.7225
73.37
82.785
66.155
44.6875
63.1525
61.505
51.7425
54.8325
38.265
42.4375
57.74
88.97
59.465
51.0
41.7025
73.81
80.205
62.2575
60.15
62.8
38.105
66.4425
47.775
53.92
44.8425
37.23
75.4
41.515
62.44
40.4825
65.7425
69.9575
83.42
39.5475
56.6675
38.795
51.345
34.13
46.5175
37.755
59.4675
64.265
63.83
79.2025
51.085
63.5375
54.085
47.8075
52.79
35.5975
50.2775
67.33
49.0
54.4625
41.425
73.5175
57.135
64.9425
58.255
71.2075
59.9825
51.17
75.595
66.795
58.415
42.08
73.6375
50.345
60.375
79.7575
63.63
51.7975
50.1325
65.2775
37.37
66.255
35.1225
55.11
66.915
32.89
75.1725
65.1775
46.17
67.92
39.5275
51.12
63.255
63.0075
73.0625
59.2375
50.425
84.0075
66.65
84.6975
41.2225
53.885
52.8675
55.7575
61.015
51.15
45.2075
51.7475
63.6075
58.905
54.5625
71.34
62.0225
44.9225
55.4675
70.1975
47.005
74.0825
45.685
59.3925
36.2025
51.2225
70.9075
43.5525
67.5875
61.1175
53.435
69.4275
73.07
49.3575
61.145
60.48
87.225
42.7625
52.325
54.4425
63.275
43.3475
46.65
57.1125
57.31
24.68
50.7775
74.3375
54.385
77.98
81.4425
42.0675
68.045
44.345
56.0
56.615
51.535
54.2175
47.5125
74.575
58.9125
39.3925
64.215
51.525
35.6375
43.3
40.4875
38.4425
70.4925
55.8525
66.765
74.225
55.0075
77.75
55.5325
56.875
54.7475
33.58
66.7225
56.93
37.735
69.7675
68.415
41.8325
72.45
54.17
65.44
46.4325
68.1125
40.3925
37.43
66.9
57.485
52.225
26.8075
67.35
65.645
58.875
68.885
35.13
75.2075
48.56
86.1175
52.26
59.975
61.675
50.1275
88.4125
62.055
32.4325
42.3925
40.7875
69.5075
49.0
49.1475
54.2175
42.3675
55.3075
55.69
46.7275
42.0825
45.3775
58.785
43.69
51.885
46.0975
41.4175
33.6775
53.63
52.52
54.0775
64.7725
56.4675
62.2725
67.175
55.5125
37.2025
56.6125
47.6975
59.77
73.3525
62.735
30.015
62.555
50.435
45.29
73.11
38.2525
72.51
70.1325
45.6025
62.8575
52.2675
44.8425
47.055
40.475
87.825
67.0075
71.5425
59.525
29.355
50.3075
61.5525
35.23
55.605
52.9575
57.275
72.92
77.75857142857143
56.8525
75.0375
55.3175
58.2375
51.4575
62.35
59.3975
53.675
62.0125
55.65
53.6975
62.5725
65.7675
49.21
44.025
51.4525
46.775
76.585
68.9025
46.235
47.925
45.355
53.3925
60.8975
65.76
52.1525
58.5575
75.34
34.745
55.8025
49.28
70.1375
61.64
54.9825
56.4425
73.8125
53.1525
47.1425
49.1075
51.8875
54.0125
49.3525
50.295
78.02
52.9875
44.6225
38.9775
79.305
71.04
74.555
55.5825
57.1
44.365
80.3275
47.9225
58.94
41.4025
69.55
49.6475
43.2875
66.0325
55.9975
43.6525
59.2925
45.055
35.7075
66.0125
59.1775
47.405
55.845
63.0275
53.8975
56.7425
46.26
70.385
30.885
58.285
44.41
68.51
81.9875
44.1075
29.195
45.765
84.15
38.97
29.1125
45.605
68.525
61.89
64.6925
77.18416666666667
69.565
64.54
60.6525
64.8625
54.0675
58.735
53.98
47.1225
47.0125
67.775
31.09
36.335
43.35
40.53
60.9225
55.8725
71.725
56.8575
52.1225
49.5875
30.045
58.53
41.44
42.075
40.4475
81.01
61.6175
52.955
48.145
54.8925
50.6825
41.6125
46.6525
40.5625
50.8825
67.29
32.05
75.65
36.955
53.3225
64.2825
40.695
35.67
73.74
53.1025
58.46
47.62
57.2925
33.59
59.235
44.5675
50.87
34.525
52.5275
58.2775
41.0675
55.7175
55.7075
61.8175
62.685
40.0275
51.05
41.765
62.545
66.445
59.885
55.6175
63.475
48.9225
82.04375
63.9775
61.3575
19.9625
68.5875
50.125
45.755
53.3
70.9425
54.3425
62.715
33.96
54.99
68.0725
50.4175
60.1475
50.335
52.31
79.855
45.5025
43.61
59.745
38.5375
69.82
46.32
46.555
55.315
54.7025
35.7225
36.1825
46.52916666666666
41.3275
63.5575
68.8
58.6225
59.1875
51.5625
61.7175
39.4325
37.3125
69.12
40.865
39.82
71.3075
58.91
44.8575
74.2175
54.7275
89.5325
27.64
65.2425
16.035
70.5175
49.5425
89.9125
53.48
42.5875
56.175
46.855
47.8975
53.4775
60.7925
46.5475
61.1675
47.0675
68.125
62.07
68.0125
23.2325
68.805
58.9725
48.485
47.7075
51.46
48.605
47.5575
72.155
27.465
50.565
55.52
62.89
46.895
64.0325
64.455
43.815
65.2925
64.5725
58.51
48.165
49.5075
50.835
33.915
74.8525
44.5875
43.295
73.8675
45.0225
43.01
47.6775
65.535
69.48
42.1725
33.6225
59.02
76.9125
65.33
32.8775
59.56
32.6325
47.845
65.6275
67.645
48.905
39.5025
42.3575
64.1
61.88
57.765
51.25
66.48
65.86
49.8375
81.07
79.585
42.7475
59.65
42.075
31.225
54.775
27.4775
51.945
50.4925
60.54
54.1975
57.485
70.655
34.0225
72.6275
40.1775
50.6
51.395
33.26
81.705
64.845
73.825
80.3775
74.2325
59.74
52.4625
65.4825
60.6175
56.575
53.5325
60.085
70.9925
45.675
66.84
55.4475
68.905
54.855
41.3075
61.835
59.6975
68.4175
69.93
53.05
76.055
52.0075
41.84
62.7275
37.1325
32.8475
69.145
45.6775
74.0825
33.9675
62.6275
51.475
54.54
68.955
46.4075
51.5725
74.0875
51.56
64.9925
27.425
73.74
56.4525
56.125
54.8975
80.1725
52.0025
58.9025
48.87
50.595
62.365
49.0475
61.9925
39.59
59.175
48.0025
47.05
74.015
53.22
57.295
60.2
62.245
41.4125
56.305
71.5375
50.3925
53.7625
36.695
56.0725
58.5
59.5325
27.645
46.9325
57.4925
45.06
66.755
53.8675
56.99
54.7575
65.79
57.5375
72.9325
72.09
77.5975
31.6775
41.265
81.3125
50.3175
71.07
71.5675
60.075
72.925
49.525
43.375
62.6625
52.6075
61.02
38.645
82.0225
58.02
40.5075
63.125
26.56
71.3925
56.2075
50.6725
31.9075
53.06
55.5175
62.335
74.385
76.495
73.1975
58.02
35.36
59.18
48.06
66.1625
69.075
60.4275
33.82
26.5425
37.0775
77.94
59.06
39.9775
54.715
42.7125
47.775
44.9825
44.54
62.055
45.155
56.755
72.475
63.7325
83.345
40.8
46.295
41.525
54.9875
38.135
36.0675
43.92
33.9875
64.66
65.6725
61.11
34.9925
71.8825
65.24
64.16
38.3875
51.67
36.165
53.1675
42.5975
49.515
58.995
63.3825
89.3475
43.6425
78.9975
41.455
53.1525
37.0175
32.245
39.7925
46.17
39.15
63.22
56.1075
64.6975
58.1625
62.245
32.9725
30.4975
69.5675
33.2975
66.96
43.2925
64.9625
78.9325
56.8425
47.9775
48.095
47.255
27.6575
45.97
71.82
46.63
66.54
51.4175
51.86
56.32
77.515
75.0725
71.1475
43.675
47.2275
55.19
51.755
78.625
45.41
68.42
36.8875
62.32
36.9325
47.3025
69.8625
58.995
55.8575
80.7425
73.4725
41.325
82.0375
55.0475
37.2675
24.335
56.015
39.125
42.65
54.37
30.285
64.7775
60.0825
58.0675
53.5625
51.28
70.2125
66.0175
74.02
80.8325
55.4225
54.565
58.68
42.5875
29.2125
53.9125
45.9875
60.355
31.3375
55.375
71.21
48.1775
71.74
49.395
60.55
64.1425
72.3925
54.735
69.855
57.945
60.49
37.6525
46.4325
66.305
68.195
61.195
64.2525
89.62
67.2625
63.08
51.9425
70.49
35.8375
60.75
52.97
50.6175
55.2975
43.78
68.37
72.0525
70.0075
85.375
59.4275
41.1225
42.575
34.2475
64.7925
66.7025
50.9025
60.1675
61.485
44.1525
61.2275
53.22
66.96
60.3325
55.3975
53.895
62.15
41.5025
56.36
61.2475
49.58
75.2975
71.5725
53.7125
67.045
77.9625
43.4375
81.18
47.27
38.1425
51.375
37.21
81.75
42.1725
68.0975
49.225
59.9175
49.75
54.92
41.9225
42.07
74.71
46.79
44.69
54.2925
45.475
63.7875
43.23
66.915
62.39
64.9225
67.8225
70.15
38.48
68.5525
43.7375
56.57
37.545
57.89
60.86
39.9525
70.5075
74.1625
33.7575
30.385
45.6825
44.085
49.845
65.0675
52.965
40.45
50.4875
51.7775
71.3025
55.3225
50.9
52.74
53.025
35.335
52.32
69.8375
48.7875
65.5825
76.51
35.3875
38.5725
54.335
78.765
47.8575
50.2375
63.0975
53.7225
36.775
37.0125
41.835
60.565
40.185
31.8875
55.9175
24.5225
37.18
66.82
46.8575
33.7425
40.29
42.42
66.21
42.1375
48.135
46.045
54.91
48.715
53.9125
68.0075
68.0475
74.6475
84.515
53.6575
60.2775
44.15
45.395
52.22
40.9875
52.89
27.56
55.735
65.5925
58.3025
35.21
39.4875
37.8625
35.0425
66.7475
42.37
70.84
22.8525
67.8125
66.9525
73.9425
64.1525
72.4675
54.6825
53.26
48.74
67.7675
67.785
31.835
48.515
40.165
36.78
68.665
55.685
56.6375
76.42
59.5775
57.17
42.0175
45.2425
76.61
84.3025
49.43
36.12
58.2075
45.215
37.7625
47.255
55.705
70.925
52.3425
64.41
37.4925
52.215
46.1475
44.1875
46.02
53.58
32.63
41.0825
69.5175
54.515
50.7575
83.2375
49.5875
37.0325
70.3425
34.9825
81.65
37.185
48.325
53.715
68.4125
70.7625
61.54
50.87
72.86
44.72
46.9975
78.105
84.5075
74.265
54.0625
63.8475
64.2525
55.765
85.3775
58.285
65.2625
61.6875
57.1775
55.13
33.37
53.9
78.0025
51.0325
72.4875
62.005
35.6475
28.8475
61.53
68.1325
36.245
51.5025
48.89
34.9575
51.9525
55.785
61.26
61.9225
41.1325
44.31
59.2225
83.945
54.285
88.305
49.2575
79.345
77.5075
36.285
64.075
74.4025
56.51
54.87
65.1625
22.105
55.085
75.9925
88.0175
51.585
61.7425
50.305
80.69
68.0575
55.2225
68.06
59.385
60.8575
47.995
44.65
51.63
61.0775
75.465
75.25
55.71
68.3875
71.1175
61.8475
27.725
60.765
33.5925
57.0675
31.64
21.18
45.4775
58.6475
53.1075
66.4825
61.51
56.2925
65.995
66.0425
79.41
48.59
32.1975
68.2575
48.915
45.02
63.9
71.2275
67.6075
38.505
35.5625
50.93
38.9675
45.4825
41.945
71.065
48.095
49.745
41.4025
68.43
62.49
84.4175
57.1
50.9
60.1175
45.6375
64.205
59.1575
51.5175
45.5525
32.3275
38.565
42.3575
41.435
59.2925
63.5425
55.5825
47.2175
71.2175
53.855
49.03
37.705
37.8975
69.935
39.36
22.4625
61.8325
65.635
45.305
68.155
39.31
39.255
59.3975
26.5875
68.7875
66.0525
77.88
51.0175
49.995
50.6675
68.29
63.9425
54.285
75.2775
59.8325
77.82
57.1225
55.5875
51.705
57.87
61.3125
73.28
59.685
56.2
46.3375
35.775
57.28
39.7175
74.195
62.35
29.4425
73.1975
71.4375
59.275
48.295
37.63
41.655
64.32
35.835
71.465
65.1975
55.25
60.81
55.58
65.98
74.625
37.5775
78.1375
54.54
74.8125
39.265
30.76
48.86
46.935
51.395
41.61
60.7575
51.0375
36.18
53.2275
69.465
68.13
51.2225
67.0575
57.9225
69.45
56.0175
58.4325
54.46
79.245
55.4975
64.865
59.515
68.2925
51.7025
40.2075
74.3375
83.5675
44.2025
40.615
72.6875
53.18
74.8
50.92
55.4675
62.805
32.385
63.135
58.98
58.62
71.855
51.9925
65.88
68.125
54.82
60.47
72.6525
54.5175
45.9775
68.235
67.7775
58.395
67.8425
62.4075
58.195
38.1775
73.2125
76.87
44.76
44.3475
71.0425
55.23
57.1225
50.31
59.6525
55.4275
69.1975
50.985
35.2575
63.5075
64.585
57.9475
34.09
53.2775
49.3175
51.9925
57.7
26.69
59.1825
35.33
40.295
68.5275
54.67
81.0975
56.68
52.1825
64.285
53.9875
49.655
47.21
60.1775
76.1075
54.5275
58.82
40.3875
49.4925
63.835
60.04
35.7125
57.735
53.1975
58.65
73.3125
52.055
69.945
25.675
35.965
46.705
58.09
59.1175
70.1275
61.0425
89.3475
43.4475
63.7475
57.3825
58.2575
56.3525
66.88
50.7525
58.295
45.1775
53.4825
61.38
47.8875
68.43
75.93
38.82
64.4975
56.1075
69.04
46.865
48.0125
64.23
60.585
51.4425
62.295
59.4875
71.5075
64.3975
37.4725
78.625
72.95
70.8475
61.6175
70.915
50.5675
62.0725
78.4075
63.23
23.1275
52.29
51.6425
61.725
28.85
36.7575
50.255
71.26
57.24
53.915
52.8375
57.815
59.1825
37.5025
59.2375
56.0625
78.855
63.6875
61.2175
47.8775
54.3425
48.85
59.1825
55.19
45.7
55.925
54.64
62.6725
57.75
41.56
87.12
69.6575
46.615
67.165
41.86
67.875
51.88
96.26
40.0325
49.9275
81.205
71.77
60.4075
41.4625
63.985
56.8575
29.5325
49.605
61.3375
62.555
79.205
63.125
45.8925
49.325
46.4975
58.8475
51.9075
49.23
46.445
52.8075
64.8125
43.83
65.04375
45.055
63.31
67.0525
34.8775
61.3975
35.9125
34.5675
67.565
55.545
61.11
62.685
46.17
78.01
48.5625
71.215
52.97
59.6
64.685
57.4875
30.515
88.3325
46.6
48.7425
45.42
60.405
62.2875
40.1275
58.3275
48.0925
48.99
52.52
56.31
68.38
57.72
75.8975
53.7175
46.7575
56.09
67.6
66.43
60.6625
48.775
28.535
43.815
61.635
45.4075
56.2925
67.2875
40.465
48.3125
65.5775
45.085
65.7475
49.6525
60.565
69.0575
51.385
49.1725
58.235
50.415
60.16
60.0175
40.5475
44.515
78.15
38.77
57.205
36.0725
47.8225
73.11
40.945
69.925
73.71
61.305
70.8725
83.3775
56.0675
66.0725
52.7675
39.09
39.525
67.6525
57.865
44.965
69.4825
54.265
68.5375
49.6575
46.46
42.1525
46.72
53.7625
48.565
35.395
31.9825
53.9125
50.1825
64.275
63.895
46.1875
40.8625
52.9375
43.6075
28.6825
48.955
64.29
58.135
49.165
55.005
59.1725
61.2175
50.24
38.755
54.8075
50.8675
75.54
60.5025
79.3325
52.59
29.0875
45.3725
72.605
40.195
58.815
60.635
84.515
49.34
50.63
75.915
76.875
64.2675
32.155
60.01
51.62
26.9575
59.07
35.5375
53.0175
47.4325
60.065
63.5975
49.3275
50.42
72.0625
35.0475
71.9475
50.0625
49.4525
67.6175
60.26
55.99
63.0925
75.5275
31.9425
70.815
67.57
48.635
41.0275
60.4125
56.225
49.87
60.34
53.7675
78.56
78.03
52.0625
31.6875
68.865
40.75
57.0325
55.28
36.7275
54.0575
24.1675
50.5275
38.5625
55.5325
41.37
47.42
70.2025
69.1575
38.3125
49.0925
65.505
83.2125
55.7425
71.61
63.965
73.8025
67.715
59.0925
57.365
73.755
53.3875
57.4775
58.2025
61.755
28.875
60.5575
46.38
36.3125
35.14
75.415
68.0575
77.72
80.3
59.68
66.39
56.5375
60.2625
38.395
76.15
43.3375
70.07
49.895
38.505
87.89
63.9375
50.1175
38.9325
62.2925
72.6775
39.915
63.44
68.3525
37.06
35.7925
77.21
55.3
45.6825
29.8425
58.485
67.02
42.37
40.165
79.5275
70.565
63.24
67.465
63.41
57.045
30.55
26.745
53.5725
81.2975
46.8775
57.2625
57.3925
52.715
53.2275
74.34
49.8625
37.0575
61.455
58.455
75.6375
36.3725
53.4325
62.015
50.98
64.575
54.9375
41.9675
48.6175
41.69
68.595
52.235
50.43
52.105
52.5325
45.0525
54.6325
39.36
47.065
68.745
46.3325
55.81
55.21
67.87
77.125
30.5375
72.555
49.57
69.6475
66.0725
60.2425
71.18
63.4875
66.0025
50.485
57.955
54.75
56.7075
47.5675
50.845
44.92
43.1925
58.515
36.4775
56.9475
85.5325
44.7625
78.995
58.4625
80.345
50.8625
62.2325
79.815
70.4095
70.1025
47.805
33.66
68.78
46.45
50.0
60.13
56.1375
43.755
49.97
43.4675
46.1925
44.75
56.0475
66.8575
48.525
51.83
30.0125
70.6325
45.99
58.8825
37.63
44.695
36.6225
43.69
51.275
41.4875
37.6475
66.5675
62.8225
61.855
48.5225
39.5375
54.7875
42.59
77.8925
65.4775
30.685
46.5725
50.24
55.945
54.295
34.5725
35.825
60.1475
67.615
50.9575
37.0775
71.63
52.195
54.1225
64.7575
60.785
30.67
41.08
54.355
41.0625
71.7685
47.915
79.645
36.1125
58.39
60.5975
27.585
50.57
41.475
47.5325
59.545
69.1675
52.0275
56.12
46.935
71.67
46.605
49.23
54.4375
64.0275
62.3125
63.24
54.515
61.6775
57.08
68.1725
57.0025
48.0325
37.2825
72.76
16.985
63.7025
37.3675
61.9475
72.0725
20.2325
62.4075
60.57
31.7675
34.4525
36.3025
67.34
64.9925
48.935
41.8025
56.0575
44.7925
44.325
43.89
39.6325
60.19
78.425
47.4775
82.4175
65.38
37.61
41.5175
52.645
61.6225
59.3275
34.075
59.405
69.77
44.53
40.6825
75.47
59.21
63.3175
66.875
49.715
45.19
52.0475
52.7525
55.8875
74.8875
45.17
46.495
54.92
34.97
33.1775
68.605
53.3925
56.9375
27.805
60.275
57.89
56.215
40.5075
42.1975
74.825
51.3175
44.74
52.3675
68.8125
46.225
55.6925
32.265
63.87
67.5825
59.59
38.9375
49.4975
73.9575
44.1725
70.2875
66.5375
65.69
27.23
52.3225
23.9075
69.1275
60.5975
71.8025
84.335
49.1975
58.2175
69.6575
55.8075
38.5775
45.1525
59.4
73.285
78.79
48.295
39.205
58.325
41.3475
43.975
52.5375
39.72
58.97
40.0
66.765
62.0375
65.45
55.995
57.735
46.885
31.94
19.2925
65.0
62.13
52.7275
52.79
60.58
40.31
55.65
64.505
60.1
63.1875
35.305
72.58
60.1575
53.86
31.22
70.785
31.6375
33.715
37.1775
78.7
41.0425
72.75
74.0025
76.155
79.185
51.1325
56.1425
32.855
52.8125
52.885
54.76
55.5825
82.2525
67.025
37.7275
47.7225
27.9525
57.825
32.74
56.2725
61.7175
54.84
42.685
29.36
72.6575
61.0225
36.37
49.775
57.13
55.5325
58.715
54.525
75.4125
32.715
41.675
69.0
52.82
65.76
63.4825
54.185
77.1475
77.9675
35.1425
41.3375
69.865
52.1675
36.935
45.905
69.44
47.32
77.875
61.1775
59.08
36.6375
63.6975
50.5325
61.05
54.02
59.31
54.435
74.2525
43.14
55.385
68.43
55.9725
39.28
56.9925
62.1075
67.9775
54.9025
58.2775
43.87
58.745
67.5925
47.5025
65.4525
35.955
56.1325
73.415
61.2275
69.7775
53.665
69.28
40.3625
30.84
57.2025
71.2275
29.7625
64.4525
43.46
42.96
48.2325
58.1975
44.125
48.3425
71.645
31.9275
58.38
40.7725
81.7325
41.055
46.8
42.1425
51.6675
38.2275
62.55
54.845
74.335
47.3375
62.5775
48.995
41.2375
70.87
74.4425
56.62
61.1475
44.545
60.5175
89.6375
44.7075
71.915
69.8625
57.0475
63.245
52.135
68.175
64.295
57.9325
59.2475
62.205
70.99
79.01
66.8175
47.5375
43.1475
69.285
42.8625
49.5275
42.36
54.83
43.5325
64.7175
41.275
57.6225
67.4275
70.9
39.89
46.7475
40.0575
41.3675
76.475
71.385
75.5025
51.4175
53.9475
39.41
77.835
88.8625
34.77
53.2875
74.115
63.285
46.96
78.36
66.195
65.985
76.4275
71.71
45.1
42.1625
32.9125
48.82
59.115
50.845
57.505
57.7425
78.04
27.44
42.3625
56.4625
64.665
67.9925
54.0
58.675
36.6375
50.5725
59.0775
63.1275
59.685
64.8925
52.75
65.2025
74.695
62.4975
48.78
69.4175
54.055
65.8225
56.435
69.285
70.1525
57.9975
63.845
35.2575
36.5475
44.0725
37.3975
63.635
70.1625
33.46
52.6075
34.855
47.135
60.54
30.9975
60.91
68.125
32.2475
58.195
45.2775
41.615
40.6675
53.9875
69.3975
52.41
61.7925
65.8575
43.6825
23.885
42.39
39.83
52.885
64.33
50.785
53.105
62.84
54.7575
60.125
77.365
53.4675
44.49
61.515
58.5425
57.5975
54.95
23.1825
54.1175
52.09
53.0625
52.875
43.7425
28.52
34.14
61.23
47.315
55.2675
43.0625
61.0425
28.1925
40.5
44.6875
55.6525
81.04
44.3125
51.74
38.92
46.565
42.295
53.225
62.5325
37.555
40.73
64.48
50.6875
80.8275
68.32
74.16
20.33
81.505
52.5725
80.11
48.2075
27.4325
63.5525
79.17
52.275
43.4525
56.32
39.2475
53.8275
68.035
21.4675
59.7125
62.985
55.1875
73.9825
63.02
73.5
52.8725
56.8525
72.325
45.98
41.7075
37.845
68.1975
79.5325
70.84
93.7125
45.62
77.53
59.54
51.91
55.2375
37.2125
28.015
56.1625
53.6025
41.6725
56.285
63.905
62.76
63.74
51.4175
35.695
54.1475
71.9375
53.8725
50.66
42.7575
47.7225
46.14
80.465
51.0325
76.2075
73.245
48.655
52.3575
80.3875
61.3175
50.645
75.9825
62.37
60.115
55.7325
42.845
38.43
52.875
80.83
49.285
38.8575
66.0175
40.6725
58.29
67.555
40.0625
30.305
70.6475
53.565
51.8875
41.4075
51.755
52.1525
46.615
39.77
72.205
45.6625
53.95
43.7
53.63
55.0075
69.0625
53.855
82.8925
76.03
72.005
56.4225
40.9475
61.005
69.42
55.41
65.8275
35.8625
45.0475
66.34
46.0825
18.745
55.2875
31.9875
64.1125
78.8825
54.1
53.795
46.4425
44.4375
56.9225
46.445
65.315
34.0225
39.015
67.2675
56.76
77.2525
67.31
72.2075
46.745
43.0825
65.0275
60.2175
53.82
50.975
63.565
42.0375
68.055
55.4575
64.2675
48.8
74.24
74.05
69.805
71.715
65.345
72.99
53.855
50.6
56.42
40.195
64.8475
55.985
58.6925
64.5725
44.07
56.0325
54.035
48.1925
41.615
42.615
57.6125
35.58
69.92
47.87
52.7125
42.8875
21.1525
73.9125
51.0575
42.6975
50.8475
75.7025
43.27
60.445
41.4125
39.58
26.2625
49.0525
56.4825
65.245
45.965
61.2675
76.5725
55.65
69.6875
52.8175
66.6125
73.05
31.7975
53.7275
49.03
30.795
73.5075
27.4475
58.8875
69.0025
44.9625
46.195
72.935
72.275
66.33
50.7025
58.5225
65.595
61.43
49.3175
69.6
74.28
55.7575
68.08
68.525
40.0325
39.335
74.7675
40.4275
35.5925
47.695
39.9
37.6775
70.22
50.9875
71.9
45.205
51.88
48.1025
75.035
56.505
83.0225
51.465
49.4325
34.19
55.5275
29.315
62.6075
40.195
34.3075
66.48
37.7275
65.5325
48.87
59.6075
60.525
41.4975
55.9925
55.405
43.4075
45.76
33.9525
74.6025
45.19
53.45
59.91
37.525
76.28
74.69
43.625
46.4925
51.815
53.845
37.975
40.4375
73.7675
75.6725
53.52
38.53
65.7625
38.3975
62.3725
61.155
45.895
87.12
55.3125
67.45
72.6
55.7375
73.175
37.645
76.3525
48.0675
45.6375
51.115
35.3725
69.46
61.7
58.31
59.805
22.695
43.5325
46.125
42.38
62.975
64.9975
47.9425
70.3125
73.315
54.96
33.625
73.8
59.65
75.02
51.1725
46.9
49.285
61.175
72.8325
75.8
60.0025
79.1925
50.195
34.595
88.145
41.025
47.6275
39.3675
41.8625
47.485
45.44
32.1225
55.39
66.025
78.25
45.2375
40.03
40.625
34.85
41.3025
73.1925
39.085
53.185
44.7125
35.735
64.82
59.72
51.3975
49.46
50.4025
49.37
42.3
59.1425
45.4175
79.025
69.0075
70.4025
62.9475
55.7675
60.4975
70.0425
40.8875
53.8625
50.3575
55.87
67.23
55.68
43.9225
48.2125
62.8925
48.8
42.7075
61.0225
46.1925
56.7625
46.46
66.8975
69.205
53.8375
49.7675
53.265
54.645
76.205
52.03
44.8
44.9
61.915
37.1725
56.4325
67.8375
46.11
42.5175
29.635
60.02
55.9725
52.5275
43.6725
61.925
65.845
61.7525
43.565
51.9075
33.4925
48.925
58.5625
71.0825
60.9525
63.545
48.24
51.69
77.925
58.08
68.9475
51.2775
61.34
58.9675
50.4375
31.125
37.7375
51.865
51.2775
60.9725
49.6625
48.0375
60.3325
42.0675
52.525
72.2275
66.0
39.9925
66.035
40.3375
78.015
60.0025
73.8175
45.2525
35.47
51.72
46.1125
29.935
76.4875
29.37
69.275
68.5425
41.185
79.7975
74.29
89.92
27.585
70.6
46.4175
69.89
57.175
50.6225
61.7025
48.125
54.7375
36.82
69.4475
40.675
46.4875
53.815
57.01
46.5875
51.815
54.95
67.02
48.1975
50.4525
61.07
66.0675
72.175
87.8825
51.9525
65.53
52.05
54.22
35.6275
77.31
62.34
50.3325
71.325
57.57
68.5025
77.6425
56.7875
33.035
38.6975
65.995
71.9075
59.78
60.2475
63.4525
56.25
73.82
69.995
42.405
67.015
53.5025
46.8675
45.2375
60.5675
90.69
40.135
75.3375
47.5075
43.4825
65.6075
18.725
69.1225
39.9375
63.3475
70.2025
63.545
72.9375
31.13
60.0025
83.28
74.005
45.79
45.6575
75.0025
68.9825
65.075
67.8175
51.13
69.4925
56.435
50.575
34.8775
84.68
63.6775
63.5825
55.07
48.5725
57.12
45.9025
85.7975
59.3825
43.315
67.92
26.4225
64.12
50.715
55.8575
44.66
63.3775
76.7475
53.59
56.3225
43.1625
56.3125
53.0825
69.785
61.925
45.5025
74.4275
80.62
73.0175
59.55
33.87
46.445
85.6375
68.63
41.3925
58.9525
67.4425
79.99
54.2325
69.7475
63.8475
69.0625
50.65
53.4375
64.73
28.0925
63.6
55.435
26.0
58.74
65.05
38.215
63.6875
45.44
60.7775
62.395
58.585
84.7525
56.52
66.06
47.7425
58.67
34.07
57.44
59.3575
60.315
65.925
53.78
54.13
50.48
78.775
45.5675
40.6725
49.3975
46.205
36.6075
64.74
68.005
68.265
48.8825
49.485
26.1
66.6225
53.61
63.665
51.705
48.9375
47.81
53.755
75.8675
71.98
57.8475
75.565
66.66
50.7775
55.4725
59.785
32.08
44.3475
58.255
57.16
37.2925
56.685
39.05
39.44
76.3625
49.9825
47.4825
56.515
78.2575
31.9175
35.81
38.1325
68.7275
52.13
56.18
78.37
51.5975
63.91
55.4175
59.315
63.265
51.08
59.36
64.535
70.72
54.4475
91.815
32.8075
67.8175
81.965
47.5075
38.62
38.0825
65.8925
55.205
52.6825
60.405
55.4725
60.3775
53.675
38.2275
76.8
49.5225
64.6325
36.0125
56.805
80.7075
31.025
58.54
62.955
60.785
78.61
55.8175
27.63
75.3725
48.6425
62.555
44.81
76.2825
55.605
29.67
75.445
82.39
41.9525
58.1975
58.06
56.9475
37.7475
35.69
63.495
86.17
68.2725
54.22
57.3175
51.525
48.01
76.23
50.945
75.21
44.8775
69.3
74.6975
48.44
56.575
48.9525
44.2325
61.6125
41.145
58.37
80.985
57.4925
41.905
45.33
52.88
75.81
27.9475
47.18
40.8
40.9125
42.105
88.065
46.165
60.24
59.6475
40.6225
76.9475
58.9475
52.9375
22.9025
53.335
29.815
80.0175
70.11
74.1425
58.875
61.0375
77.655
64.16
55.5875
55.835
75.2025
41.485
83.0375
56.6475
42.4725
62.4425
62.81
47.0225
39.2425
68.7475
47.1675
36.25
68.9625
65.6625
40.3875
74.29
53.665
60.2075
56.065
66.02
53.82
43.32
57.895
69.9125
44.765
70.61125
56.9325
53.5925
48.22
70.6525
57.05
41.7925
71.5675
39.825
56.0775
58.475
68.3125
55.575
31.66
27.2575
61.88
51.57
49.3925
61.68
65.3975
43.18
72.695
69.685
41.785
69.2025
62.0025
71.035
66.1325
60.3575
69.755
74.165
75.4025
38.6825
36.475
66.0725
85.3975
46.6475
24.94
45.69
48.0175
48.03
35.755
69.6925
56.925
36.2475
48.4925
79.56
40.2775
73.77
47.765
63.6575
62.6975
55.8275
52.425
42.8975
75.8925
64.5975
56.36
58.1375
28.4475
44.695
48.2825
50.1375
54.91
48.735
43.3675
60.405
39.0775
53.9225
74.44
51.5525
66.2025
37.7625
53.6625
55.27
24.1725
55.79
61.0675
34.15
46.8825
70.2325
82.115
83.8975
44.5925
69.7925
48.575
63.73
13.9025
36.4575
34.74
57.1525
65.7525
49.2175
29.0125
42.265
55.135
61.4375
87.795
42.4925
58.49
53.67
47.7825
34.85
73.01
58.84
83.25
60.3275
62.675
58.1625
44.1125
36.075
58.555
45.8325
45.14
69.1675
53.135
50.82
56.4075
42.41
45.825
56.6075
39.96
48.3725
56.2325
63.32
47.9275
60.11
44.8
39.8425
69.01
49.7675
58.43
47.0175
60.365
45.64
53.6375
45.15
48.8075
51.0575
55.33
59.9425
53.6275
55.4375
34.4125
44.2425
77.5525
47.0575
42.265
41.9975
49.18
75.2075
68.36
39.34
71.715
39.8275
57.3
77.0275
50.6025
60.9075
67.93
61.7825
38.725
68.43
72.5675
45.5575
26.39
35.5825
72.6225
41.18
58.5425
82.18
43.5125
40.7025
52.3325
70.035
49.9625
74.112
21.36
85.3925
32.2425
54.915
32.77
62.0325
49.425
72.085
63.585
73.1275
50.0325
46.8575
65.26
45.48
53.6725
51.3575
33.1425
43.47
56.365
84.1675
44.11
47.325
63.06
57.2475
58.3175
36.0625
56.3325
53.2175
40.005
75.11
56.47
58.6925
75.9375
70.3125
47.655
35.395
48.0525
53.8925
51.18
51.2875
71.79
38.7275
31.29
57.3675
34.19
34.22
58.5
55.455
83.1825
45.2375
71.69
59.8875
38.96
41.12
45.1425
79.8025
59.4675
58.97
67.155
50.94
60.3025
68.6875
64.155
31.2975
45.5075
38.27
73.91
75.55
57.3775
43.8275
48.11
71.785
50.93
70.3525
68.3125
36.9
55.6
65.78
57.2175
68.8375
77.9975
62.5525
45.6925
66.28
71.6925
47.1625
56.5125
44.7975
58.78
76.195
67.99
63.275
77.5275
55.0375
51.3675
61.9725
56.8225
47.9375
69.49
59.3825
47.1375
41.5625
45.815
61.17
71.69
35.5425
72.175
56.8275
72.89
33.63
20.5925
76.595
56.7225
55.4475
61.0675
66.825
60.305
35.3725
50.63
83.14
38.72
73.015
62.555
71.1025
66.6625
49.505
72.145
55.8975
52.78
48.155
46.78
56.43
40.4825
50.6175
61.265
60.3825
48.87
56.895
51.3325
73.2825
66.2325
56.8525
53.145
60.5975
74.4975
23.5975
51.465
52.44
53.6925
62.0025
45.67
43.1875
63.5375
59.5125
49.8525
40.52
61.9
79.4075
60.09
35.695
60.1375
36.475
57.005
44.89
64.2575
76.95
74.9675
50.9225
65.685
68.92
60.76
63.1125
44.2875
58.1225
52.53
54.35
53.5375
58.9325
73.7425
65.69
28.8625
69.7475
66.0225
55.615
45.03
73.6075
61.085
69.3375
41.4875
88.935
39.135
69.835
48.8575
54.21
47.4275
46.7275
58.685
75.5425
61.4775
46.93
70.985
59.145
60.0325
59.6075
83.07
48.505
79.9375
56.3125
72.54
56.92
67.1675
44.7225
49.2525
30.4425
39.5775
38.82
47.425
56.7
36.905
56.955
44.53
43.7525
85.3925
49.53
37.1275
25.8225
72.1175
48.9675
47.215
51.535
39.015
38.0775
61.42
50.7775
52.7575
66.8575
38.3475
49.465
59.4
63.44
25.12
53.825
59.985
62.7125
69.6025
59.5625
75.4675
75.3625
62.415
61.395
36.645
69.7875
74.3775
65.8
66.79
45.455
42.2175
58.975
58.82
62.1425
47.735
72.75
83.5975
51.3625
65.4275
80.6525
48.735
47.47875
80.9625
40.635
76.07
61.86
56.59
79.405
50.685
22.3525
53.685
59.3325
60.87
59.4925
58.0
74.1575
54.3875
56.5975
45.6275
50.95
68.5275
56.4975
52.0175
67.5225
64.1475
49.5475
55.4575
59.4925
52.2975
43.68
56.185
46.1725
57.3525
38.785
67.295
52.4075
73.375
68.5025
49.345
61.77
83.4375
43.6675
58.47
36.78
29.5525
64.71
72.78
61.155
54.5225
47.9375
49.53
37.3075
47.775
26.8575
76.6
60.85
70.3175
46.7675
69.52
37.53
73.8025
70.6375
36.29
67.875
52.255
52.26
54.2175
72.91
52.53
52.395
74.88
45.665
46.0975
55.275
71.0275
67.075
63.04
59.79
66.7125
41.555
53.0825
51.63
30.24
41.7525
43.085
55.3725
57.8375
46.7725
46.3425
50.2775
52.0125
66.1075
65.1175
59.36
54.11
68.585
69.3825
65.5675
68.3675
61.43
51.285
55.715
36.9325
69.3325
59.72
45.9925
60.68
65.5725
69.705
47.6925
59.9275
59.2075
59.01
66.3375
53.765
60.2725
70.975
39.345
62.2325
58.35
59.15
80.34
55.51
41.64
49.1925
48.8225
67.835
78.6825
28.835
76.76
49.8725
44.5375
50.9175
70.13
56.9025
42.4375
50.8925
77.765
44.2475
56.6475
51.8575
57.4175
46.53
45.8275
66.395
49.26
31.665
32.115
73.75
47.285
79.26
69.085
59.5725
55.845
74.585
39.9425
84.51
59.86
75.3575
56.185
70.62
58.8875
73.52
39.85
43.685
43.7
38.845
44.955
75.3775
53.7425
73.0175
59.82
40.5425
57.7475
87.4525
70.595
75.385
43.175
37.8625
66.7675
51.195
60.85
39.475
27.86
64.6275
66.7925
57.9625
44.15
75.9025
76.4525
48.28
68.0925
40.205
46.61
43.745
43.12
49.825
59.1875
64.6425
43.085
73.96
35.4475
67.49
66.3625
54.375
49.3525
59.4675
58.0875
48.8975
45.79
80.0275
27.7275
46.525
49.5125
38.73
75.3025
69.2825
67.64
62.3625
62.49
35.7575
69.0075
55.9075
65.13
53.84
72.8875
62.32
65.705
54.53535714285714
45.055
47.57
77.275
54.87
65.435
35.565
55.56
38.0875
55.005
70.0475
52.46
48.73
46.0025
63.75
47.7925
76.9625
32.12
46.635
68.6075
72.84
31.1625
55.52
65.63
58.5625
76.865
31.8475
50.0025
49.8
48.44
73.395
46.5525
28.665
44.245
60.7325
60.1475
53.395
60.7775
63.72
33.875
70.5375
78.2675
65.2825
43.7425
37.24
34.2575
42.6575
36.1325
60.925
53.9775
53.885
68.5975
51.6725
43.4075
33.215
46.95
42.65
77.505
66.995
40.33
39.905
77.565
65.5475
46.3725
88.5775
59.925
44.715
55.1425
39.345
55.2275
58.3525
65.515
55.635
45.935
61.1825
64.575
83.135
62.8575
55.075
52.4075
54.89
56.1375
62.045
67.7025
36.6625
60.415
44.4625
55.1775
50.33
57.59
60.61
50.2325
56.855
45.8175
58.4275
41.6025
52.81
39.7625
78.43
54.7675
60.3625
60.3425
45.9725
37.9325
44.0075
50.4475
60.8675
56.2225
83.0925
57.51
60.45
82.6675
37.6075
56.6725
77.7825
43.5475
50.99
77.2225
77.905
54.535
73.7375
50.0275
62.6725
46.575
35.98
57.995
49.8525
48.41
28.165
47.95
66.9675
70.8625
45.085
51.545
73.765
69.3575
54.905
66.465
59.245
79.4075
57.0625
54.4675
64.905
58.6925
58.63
55.1775
67.0675
47.17
75.6125
57.1825
47.465
56.515
40.93
53.6875
53.375
79.755
46.505
61.74
65.0425
47.91
45.4475
53.8175
55.3175
46.895
65.0775
60.99
66.985
60.8575
70.46
64.43
52.61
42.7025
60.1825
74.7875
58.965
64.9025
74.3675
48.07
69.41
44.34
33.905
78.4375
45.9075
54.04
50.075
64.215
55.4075
53.1975
70.545
67.665
32.8075
60.0325
76.2575
38.2475
44.2775
79.2275
61.975
77.7875
21.6425
45.0475
61.355
57.3325
40.2125
40.71
56.1225
53.835
52.845
71.6925
53.9675
63.1275
74.8375
51.1275
32.855
58.5325
26.9575
54.0925
50.99
80.77
50.5575
70.3225
72.22
60.2575
34.745
56.7825
78.0825
60.8725
49.54
66.0725
38.3325
49.8175
66.7775
51.5775
35.5025
58.345
38.165
67.705
57.415
66.0825
50.205
41.0475
37.1825
46.645
40.5525
25.2375
43.6825
67.675
73.5
66.4925
59.0875
69.8525
55.8675
42.8875
35.7275
33.7925
24.31
50.22
48.0975
62.75
55.67
35.8775
43.1425
64.18
80.4675
70.795
48.0075
46.6975
73.7075
50.35
59.75
41.1675
70.8425
61.105
62.2375
51.7275
45.9375
56.45
51.115
71.5825
62.17
42.4975
51.8525
66.475
60.0725
67.8625
68.94
51.5275
45.4
72.2125
47.56
51.955
57.925
47.0925
47.36
60.17
33.185
83.4125
67.36
42.045
68.105
44.2575
48.85
71.0275
73.75
69.09
52.3775
26.045
66.9475
45.905
73.5625
86.0625
49.36
66.0825
49.435
46.1725
38.3125
50.9875
31.1175
47.7025
66.0475
42.0125
18.69
61.28
77.5075
65.7525
50.76
59.035
71.4525
32.15
52.7275
49.3475
65.5275
47.08
71.9025
22.79
60.025
20.1775
38.7425
90.2275
62.1025
72.0575
60.1675
49.725
77.61
54.545
48.3
62.225
68.2775
47.8275
68.24
43.75
63.525
42.2425
64.9575
70.45
38.215
58.0925
70.8825
52.81
40.915
69.6625
42.17
25.3775
67.765
38.53
57.725
40.7825
60.9975
56.7
54.2825
55.5975
44.42
46.7625
61.0625
42.7275
59.01
51.295
53.3375
74.7975
52.22
57.61
58.0175
51.24
59.935
45.58
38.2575
42.855
50.415
71.565
60.7725
79.105
37.7375
42.705
40.045
73.595
57.3575
52.8625
52.7725
26.9125
23.06
54.9475
74.5525
84.6975
58.055
62.815
29.6425
57.315
52.7025
57.1225
71.4025
40.02
80.3425
71.3925
57.3625
50.995
60.4325
43.18
30.14
49.8825
61.7025
68.005
77.325
58.1825
70.0
65.1925
70.8075
71.0775
35.5075
65.5125
35.83
49.56
75.6725
40.0875
64.3025
60.175
53.64
54.9225
55.3525
55.1975
41.9575
48.36
43.06
70.435
51.595
83.09
64.08
26.4025
69.8825
62.7625
55.15
53.5475
84.7825
66.2925
66.4825
73.755
46.855
43.59
33.857
32.2825
47.1525
72.52
34.5575
63.6425
85.57
76.3675
53.9325
65.425
46.4825
42.81
60.6375
53.535
46.8675
50.415
55.0825
49.05
73.0325
37.495
38.7725
49.76
78.5675
45.81
56.09
68.1775
35.8925
63.8725
37.65
55.1125
47.0375
41.0125
50.885
42.0
62.9
46.305
38.04
70.63
69.2475
50.5
64.14
41.3
37.64
58.1575
78.5375
58.7275
80.03
51.44
52.68
51.0275
55.82
60.245
52.71
67.5775
67.0775
62.05
68.2125
44.925
64.5475
83.04
45.345
44.4375
59.215
76.855
43.955
47.7125
48.6575
79.8625
51.8375
68.0325
48.63
57.78
56.7425
36.9025
44.5275
74.3575
65.305
65.3225
50.4325
68.015
66.0875
61.0275
73.215
63.25
68.0975
46.85
49.2125
64.295
53.235
75.4125
25.12
63.49
44.435
37.1275
63.2675
56.655
60.445
74.6275
48.665
57.3625
72.68
46.3025
62.4875
56.96
51.5325
54.9975
61.3375
28.335
60.3125
61.0875
40.2725
61.7175
44.4925
72.34
38.0575
70.1575
35.2575
61.79
60.375
40.52
37.9325
52.915
44.5025
49.89
31.045
62.99
48.31
57.79
35.795
44.0725
67.665
49.0875
38.93
53.9575
71.1825
44.61
62.11
50.46
56.2625
56.065
72.75
32.6175
82.7
28.2375
53.3875
38.175
40.8725
36.445
74.45
50.815
55.94
23.97
58.5775
48.435
59.18
56.23
68.76
67.6025
46.595
34.21
67.1525
57.355
70.58
57.7375
54.04
45.075
69.2675
31.915
79.9275
67.72
43.0975
56.59
47.5
36.91
64.3025
46.3975
65.0625
79.8175
37.1675
66.905
77.995
87.7125
22.26
62.64
53.4
37.98
68.4325
74.765
33.0525
61.9
49.9475
73.3725
39.7325
57.67
66.74
41.7725
25.1675
57.55
52.775
43.3
59.665
52.4625
42.0925
64.8575
68.415
46.8675
42.7075
58.795
68.4675
41.615
39.3925
77.41
45.7425
49.4125
54.03
44.985
36.1875
54.3
49.1725
33.7625
36.99
49.315
69.73
74.5025
68.635
43.2075
63.8325
50.2925
83.7175
48.8475
55.48
46.015
49.9875
68.7675
44.3475
74.0725
47.1275
57.3
60.885
60.9075
42.915
42.2
55.8625
47.295
68.695
40.2475
39.39
81.4675
58.22
56.1225
50.9675
60.0175
40.9
69.6525
61.635
71.1
65.9025
52.0625
53.1825
53.215
51.37
58.4725
68.2575
55.0725
71.235
44.8375
80.9075
51.385
62.795
59.645
68.6325
84.2775
70.78
41.0725
59.305
54.67
33.93
38.92
63.21
61.42
64.6125
59.4925
51.16
74.2725
49.5725
57.71
55.4325
33.7925
66.1
13.965
67.82
55.4975
73.3075
49.2225
74.7525
58.62
44.7875
45.0375
58.285
73.86
37.2725
71.0325
52.7375
51.065
56.715
54.155
47.86
59.925
66.9125
59.4925
46.09
24.435
48.2575
72.6825
38.0925
66.785
76.74
35.12
39.645
37.495
48.0275
37.115
64.7775
66.625
55.4975
57.285
52.9875
49.2975
66.5575
44.9525
59.745
63.9025
42.0475
70.435
51.1525
48.1025
57.71
55.5875
66.565
69.5975
51.63
55.18
70.9125
60.8925
39.055
48.3875
38.785
66.3025
73.1825
58.02
80.01
50.33
60.785
44.935
76.525
54.475
59.8975
83.985
44.4525
43.24
38.5425
70.66
64.5725
35.655
52.655
83.565
74.225
71.51
56.9125
20.8375
30.4825
40.63
65.4925
51.385
52.8825
46.9975
71.03
61.3775
58.055
46.665
43.595
63.26
45.4775
61.8625
37.6925
53.4725
56.6775
73.725
55.8525
78.0725
69.14
52.2025
51.4525
85.7575
63.97
67.87
56.0
56.2025
68.7075
52.74
53.165
48.695
36.0725
78.375
58.385
60.2875
77.665
50.525
27.0
76.52
51.6925
52.495
58.6275
74.8575
56.5925
74.8125
46.285
33.105
35.4075
69.525
42.9375
46.715
67.425
60.325
57.8275
33.3125
45.71
58.0575
49.74
44.8325
33.0225
78.9
63.9025
36.6525
70.84
64.8575
54.965
54.4375
66.5325
39.59
27.6025
63.16
52.9975
55.96
43.445
42.505
63.215
60.34
54.0275
43.445
48.835
57.8375
58.4725
42.625
72.995
53.2525
79.085
25.9175
32.995
69.48
75.2725
47.9825
48.7875
56.085
52.5775
44.3175
41.59
57.0325
35.175
69.7475
71.705
63.7775
33.2425
68.3525
69.89
61.0575
46.0925
62.2175
47.44
63.3575
49.88
61.82
61.2975
56.585
51.1925
71.805
81.515
73.14
55.5225
68.8925
60.815
43.7475
45.3225
39.53
50.9975
63.96
63.56
40.7575
36.88
53.98
63.1125
74.955
42.645
68.2075
76.4675
36.0375
37.2525
42.4125
50.4825
30.525
66.0125
32.2875
55.65
48.9325
58.99
65.2375
40.5
51.6775
29.6825
48.105
39.0175
61.0425
43.1475
55.5475
63.6175
45.6425
62.175
69.6925
62.9475
58.0
72.29
42.6925
59.6225
48.015
58.8225
54.36
46.54
43.2625
35.6425
53.7625
72.2925
26.315
47.2675
41.3675
66.44
65.78
44.3025
66.315
59.4125
56.745
63.1625
57.6625
65.8875
67.4525
59.2375
54.9175
73.365
63.69
63.965
69.5125
60.6225
56.2575
57.5975
62.475
69.445
32.615
56.63
59.7025
68.1525
33.9625
57.8225
49.8125
44.7425
58.0875
70.635
72.3775
61.7225
35.905
46.55
42.65
71.43
43.16
48.61
53.3925
40.1425
67.8925
55.7525
43.655
43.2825
65.2325
60.02
47.8725
61.165
41.27
59.67
71.235
42.9125
77.78
63.8975
60.31
69.57
61.0375
38.53
39.3775
67.1225
33.03
64.77
37.3825
30.22
54.68
66.1575
29.1625
46.7875
57.405
50.025
48.8975
56.0
47.955
79.55183333333333
76.48
42.6975
67.75
45.07
44.3
66.5225
39.0075
57.655
41.445
54.1325
56.645
56.175
76.125
65.0125
59.15
61.0325
41.085
44.43
59.625
52.3825
27.2075
68.9575
46.2775
75.46
35.4075
47.44
38.26
58.9725
67.9275
60.1075
46.92
44.65
44.695
34.75
72.34
22.2075
67.565
59.25
47.43
65.905
49.4275
49.9675
52.775
49.7725
59.3175
25.9325
52.56
76.1425
64.24
48.805
60.755
60.675
39.9325
50.2425
43.7575
84.715
60.2275
67.1825
70.3925
54.0125
43.2775
49.145
40.23
66.59
56.73
56.84
32.3975
55.0075
50.495
87.77
32.34
50.24125
64.445
48.9325
55.15
77.185
59.38
70.815
35.3675
61.97
26.5525
58.37
43.41
39.41
68.475
46.42
56.65
40.305
66.32
50.74
50.545
46.8975
39.45
57.66
47.005
63.3325
60.76
44.755
79.0975
38.5525
58.14
45.4925
56.6275
64.545
69.2
51.1925
42.425
48.09
46.2625
39.4825
42.5075
66.475
56.5625
63.1175
42.4175
55.6675
59.7825
79.305
68.3825
64.4725
30.2225
47.2025
70.255
39.8025
49.37
74.1675
60.6925
60.245
36.0725
42.67
44.22
53.275
45.38
60.38
75.72
46.71
30.4975
54.9075
45.465
69.5975
62.3725
55.0875
47.8325
57.89
61.6875
68.8325
27.8725
30.8575
86.61
30.98
75.4625
51.51
74.9225
64.9125
39.1025
70.2125
73.9375
32.3125
56.255
34.135
62.3
68.825
41.9925
61.53
65.5425
45.94
59.3475
34.18
64.2925
77.19
64.6625
56.26
33.5275
36.04
79.1575
53.2325
55.04
43.5425
78.48
68.9025
42.5125
60.475
71.115
39.13
63.735
74.3025
60.0025
55.5675
49.685
31.895
42.1425
68.155
60.265
43.2725
55.7725
72.445
57.69
69.125
62.85
55.2275
73.7375
67.015
40.165
53.625
69.23
46.975
71.0875
71.105
53.0425
45.155
47.9575
63.8175
67.03
46.8
53.3575
39.53
56.9425
69.9875
28.2475
39.12
31.77
51.77
50.755
55.625
44.075
47.2675
75.61
33.4375
65.65
60.4925
27.565
44.1825
49.3675
62.4
46.67
72.145
59.1475
59.2075
69.0825
30.8975
60.585
60.26
43.5725
45.07
80.22
45.27
53.675
53.2675
36.155
81.405
42.7825
59.82
25.5425
47.8
68.495
43.42
72.2375
37.86
46.7025
74.1825
36.2375
53.13
74.2075
60.7025
63.49
48.89
69.66
71.4375
45.325
56.605
29.3225
42.01
76.2975
68.625
67.825
54.3625
35.055
53.4375
65.195
46.4025
42.795
54.2425
63.96
56.935
52.01
79.6225
30.0275
74.87
17.2175
43.8525
33.0375
59.265
65.9775
45.3275
49.47
69.26
66.16
67.895
37.95
68.19
77.19
64.745
56.1725
58.7575
55.42
71.89
64.3575
72.01
56.6425
41.5825
40.6275
41.34
69.76
45.6975
59.745
68.63
40.625
36.275
36.2225
52.025
53.0075
75.45
59.0925
53.065
55.305
37.7775
33.5475
49.245
48.39
43.685
57.575
55.7675
74.045
65.3775
40.09
49.4075
56.47
55.78
54.0925
68.7475
69.9975
40.2825
65.385
60.5625
74.51
61.535
45.01
67.2325
58.8025
50.7775
58.3375
41.19
47.0
69.14
44.855
40.37
39.6375
46.0325
48.255
62.9325
53.0625
59.3875
73.24
59.6425
51.0275
19.22
53.055
54.515
53.605
45.2675
68.545
76.71
49.475
24.9575
50.265
47.11
70.5525
67.5075
61.7375
83.915
38.105
63.035
67.615
76.1525
66.905
68.81
38.81
38.4775
45.155
69.1675
67.2825
38.005
78.965
54.38
57.65
56.3625
59.9125
74.295
66.1975
75.06
52.635
36.8475
32.935
54.8275
65.47
67.215
38.3275
52.1525
54.7225
55.49
42.4775
63.21
40.0275
49.0
48.77
58.1825
59.4375
59.1875
53.92
70.5125
60.3075
57.6325
56.3575
56.7225
42.375
57.015
64.4575
73.075
71.1475
26.965
51.475
49.2025
50.1875
59.9675
51.675
67.355
86.2175
28.5025
52.415
54.9975
56.8275
73.805
45.255
76.2375
49.335
63.295
73.8675
46.8775
55.265
34.3225
76.3375
46.2275
43.27
47.745
47.6675
57.1325
64.3575
49.8075
44.16
63.6325
49.3475
43.585
68.9
54.9625
43.3725
37.36
44.9675
56.585
21.4175
61.07
63.7425
63.585
60.215
77.8425
51.27
46.6925
56.8975
80.7375
53.885
69.3725
57.67
69.3625
77.715
83.0625
66.3975
44.945
77.895
34.66
56.475
71.145
61.93
60.25
72.3025
49.2975
72.12
36.4925
52.3375
81.345
61.055
22.295
56.87
67.01
52.345
62.6575
69.12
48.5475
65.0225
41.6425
42.845
37.905
71.32
62.075
50.285
55.135
68.6875
56.4625
35.0475
35.95
42.3775
47.965
62.7
48.6825
48.625
62.575
44.2225
31.215
73.02
62.0
61.65
53.9925
56.405
37.7375
61.745
45.4525
58.4575
71.5
55.4825
61.5075
73.9425
78.6975
75.0225
65.1475
51.015
67.9125
45.175
68.03
53.1425
89.955
53.4625
51.2875
71.8125
40.1825
83.5075
79.265
51.4525
53.6525
56.1125
75.59
28.8925
59.6075
56.6225
51.6275
32.3325
68.78
65.0875
26.1525
63.93
34.8925
58.8225
65.7725
79.615
43.0475
31.7625
50.9925
58.4875
60.8925
46.08
64.19
43.9825
57.11
54.8725
56.065
66.005
43.035
68.9975
44.7875
30.5275
54.2175
43.955
48.395
36.4
55.1825
40.6525
52.375
77.1875
51.1475
77.4625
38.62
55.755
35.6125
46.3525
55.4575
63.745
41.0625
68.46
24.2725
81.765
53.7125
51.2525
63.79
84.7375
62.5175
72.94
41.185
41.4375
65.445
34.1175
82.9
70.2175
90.6125
23.3725
71.9775
35.145
56.01
68.23
51.34
67.385
22.39
53.73
47.6325
80.045
50.3975
23.6975
58.87
53.2225
54.705
45.775
60.215
60.7725
52.11
57.72
27.855
58.915
51.5675
54.34
58.73
38.7325
41.975
51.735
78.2825
66.8075
45.3425
31.3975
75.6425
71.8825
70.4275
51.8025
50.635
67.8925
58.09
73.395
44.53
39.5325
80.4125
44.29
55.34
74.6975
38.0725
52.9675
85.6225
31.255
66.3325
36.0975
67.5875
39.6725
40.2825
31.445
71.5675
60.83
83.5775
41.935
65.395
57.3625
44.27
42.425
50.94
37.62
64.315
52.2725
58.175
64.3675
71.405
58.2375
46.085
35.0925
57.6575
49.5175
57.3825
45.035
78.7825
53.0225
44.9275
52.6
41.385
37.345
56.5
44.5225
60.7675
64.2275
63.325
49.4925
45.92
41.7275
63.6625
58.3875
38.515
82.625
30.7975
66.6225
32.1575
46.5575
59.4825
45.9175
34.53
27.55
38.6225
56.68
47.6925
67.0925
63.4525
73.4675
60.1075
54.8625
61.015
40.9425
63.4575
60.435
56.145
63.1675
69.5675
75.855
42.1
79.285
77.5625
45.05
59.3275
54.495
46.475
58.69
56.4025
51.67
54.1275
56.8925
65.895
56.86
51.0525
59.2375
64.4125
42.2175
60.565
68.8175
38.225
46.1
62.9225
51.585
54.895
57.3825
62.6825
43.995
43.6525
57.9175
48.83
79.67
72.3375
24.0925
59.17
81.24
50.1025
70.39
52.5175
60.415
46.7975
56.9125
46.175
63.365
58.8275
51.8425
78.2875
64.43
43.9725
60.7775
63.2275
73.8
56.325
45.79
49.015
19.6125
65.2675
38.725
44.1675
70.4225
61.0575
63.4575
53.5325
77.7
81.37
64.41
62.915
35.2375
39.8375
47.79
75.7175
49.735
82.7275
47.245
31.8775
55.015
70.555
61.89
39.2475
68.0525
30.0275
52.6375
67.1025
67.7375
44.4875
45.9775
44.13
46.68
49.9575
54.3575
68.665
30.93
72.2875
49.565
47.5
45.2975
60.595
41.1175
86.33
27.325
66.675
65.1525
53.9325
45.85
46.53
58.7225
55.7425
40.0
77.925
60.3475
60.52
48.0925
63.4775
56.0125
43.62
74.05
46.18
73.0775
67.075
75.9825
40.23
41.1375
38.435
31.1925
56.2625
45.795
70.0475
74.8925
67.5825
69.17
64.3075
46.6025
51.7825
84.2525
41.7225
71.4025
52.0725
39.525
34.4025
49.3525
54.385
51.1375
31.72
51.5475
68.0625
26.1775
68.235
83.755
51.2775
59.5
78.5375
38.9275
55.7075
56.11
74.895
70.265
72.5925
50.7775
56.3875
58.93
26.775
61.995
71.0975
56.44
72.5725
43.31
64.085
74.5525
35.37
55.155
50.075
40.3
38.1875
61.9675
60.995
92.055
74.63
73.555
64.05
55.5375
71.92
22.815
55.60833333333333
58.6575
28.6925
55.4825
72.7825
59.8875
50.1325
55.2
78.2475
57.225
68.0025
51.5725
70.9775
69.2075
67.5325
50.955
53.815
54.5975
75.2975
51.7525
43.895
63.6775
58.41
59.6625
68.5475
47.11
40.8625
22.8725
56.495
36.6125
68.6125
46.0125
46.32
59.655
82.27
52.7975
56.615
63.9575
64.0325
59.89
48.2975
31.1725
51.33
60.2675
65.815
81.3175
55.285
71.9925
72.715
84.1225
34.7275
49.4425
57.3625
46.2025
49.5625
38.875
44.975
26.6975
70.79
79.14
50.1075
39.9875
51.145
81.475
69.6825
58.6025
51.0925
49.175
39.1475
71.365
34.1675
51.9125
82.695
60.0175
30.61
52.105
54.2925
48.5975
64.99
39.2075
53.78
55.035
50.335
38.515
49.1175
52.765
32.535
53.035
45.6975
45.1275
47.935
57.1425
46.9875
58.1375
50.495
54.2625
37.475
48.8575
62.2225
53.8625
27.9275
77.2625
65.765
57.0975
61.56
43.195
30.3175
41.585
73.995
45.685
62.0425
57.2075
59.4975
54.7675
41.6325
39.97
64.36
49.7975
25.4375
53.715
44.485
32.7275
29.0
68.4025
71.78
57.155
68.545
76.61
52.0275
58.3275
62.38
69.0175
56.79
68.35
47.0725
51.825
54.645
82.79
58.3675
53.745
57.355
58.125
32.77
69.465
43.9325
51.6425
55.33
70.9575
24.0175
32.4525
58.8375
56.0125
83.755
56.62
67.18
31.1225
58.595
65.2575
64.735
28.94
52.6175
46.4775
47.3775
60.7525
54.295
37.2875
68.7575
77.8625
50.0875
65.6375
45.8625
51.6725
41.305
62.7825
37.01
53.2975
19.4875
34.6875
77.1075
47.3825
34.1675
39.68
51.835
57.3925
55.2575
72.85
41.9025
45.56
45.5075
68.565
44.2975
54.575
72.8625
50.325
60.195
58.1925
68.8925
53.32
61.915
78.9575
45.3925
60.0425
37.6475
62.0375
61.1325
66.6675
36.745
72.75
72.6125
52.185
35.245
45.72
28.91
87.43
47.71
37.715
40.5825
36.5525
73.51
62.0325
71.065
46.035
83.7125
70.1775
55.25
80.8025
68.3825
69.5
56.935
38.885
48.81
73.44
30.98
45.91
70.01
47.035
58.7475
42.8125
41.955
41.6175
65.185
49.745
66.035
57.635
46.86
52.1175
34.855
44.125
48.4175
54.9875
69.355
84.6325
65.7825
63.6425
50.6075
69.95
33.0875
57.5775
69.865
58.63
50.21
41.0425
58.3275
64.055
64.545
75.4675
43.65
47.8125
50.725
48.85
48.76
42.935
63.645
73.18
54.6425
51.1375
61.89
46.3625
53.42
34.68
34.7925
40.9575
59.6075
51.1475
70.37
63.445
59.565
27.765
69.6925
39.1325
80.09
47.73
33.2775
60.4075
28.6075
44.855
47.39
65.0375
46.09
51.2075
54.6775
74.7475
58.155
66.15
35.38
53.01
80.3325
59.37
52.5075
28.3275
59.0175
60.4775
70.935
48.38
69.3575
45.71
26.7975
52.0
55.2875
44.45
24.665
40.48
44.87
63.175
49.4175
54.82
30.895
50.5275
68.0
92.435
62.515
40.2275
44.6775
56.125
71.265
58.615
39.1725
67.1125
43.5575
64.6675
31.5175
49.06
50.3975
59.7125
49.5575
54.4775
57.5625
38.4325
68.4
47.85
82.9725
33.7
32.865
59.26
70.9275
58.65
74.16
69.4075
64.8875
52.735
36.2075
67.61
71.9625
58.745
57.5525
42.548125
30.7425
73.28
50.0075
55.6625
66.1975
72.5425
59.4175
27.035
37.5575
63.205
49.5475
52.74
59.155
41.2375
43.7325
47.575
75.145
36.035
69.395
51.2625
39.315
39.385
40.485
36.905
50.2425
59.955
71.645
54.675
74.05
71.9175
60.5325
52.9375
81.455
55.9475
66.1425
50.6375
67.4525
69.4625
65.6225
38.865
38.9
44.7525
42.34
60.61
30.705
49.9
68.895
32.9025
57.1825
56.6275
27.5875
68.3325
68.9875
69.87
69.655
46.1925
58.3575
73.5725
44.93
56.29
43.99
48.7825
49.3
70.96
43.7775
44.17
31.75
46.07
62.5175
52.1075
63.0525
54.97
64.93
38.435
75.235
53.4075
76.64
63.39
39.1775
73.285
41.2475
72.18
36.925
47.8325
53.29
55.1325
61.875
49.6125
63.635
34.6675
30.8475
60.7325
60.8475
48.1925
49.135
53.0625
33.895
52.24
81.3125
59.95
49.74
70.7025
55.0575
46.58
56.9825
38.8925
86.405
72.0125
72.9275
52.4
62.7325
51.76
68.515
38.7875
60.6275
66.2875
35.555
70.51
53.8925
56.5925
60.65
40.7325
67.8775
54.47
60.6425
61.5575
61.545
68.0325
56.9075
45.19
61.3225
74.1375
46.8425
57.1875
38.41
35.3575
35.89
73.21
54.9675
61.8775
71.605
62.0725
62.955
52.8575
34.6525
31.795
60.135
56.18
79.7125
82.555
54.105
42.8975
55.7175
94.19
76.685
66.6925
75.2025
48.73
51.77
60.61
80.445
35.43
52.0725
54.2025
63.5275
47.1925
67.995
43.665
63.825
71.7875
35.9475
33.0075
53.0775
66.585
34.455
36.7325
80.9825
61.875
57.2725
67.185
54.3525
30.565
33.405
46.9175
48.53
63.6075
